1 0.7763671875 0.080078125 0.033203125 0.0859375
0 0.6630859375 0.033203125 0.0390625 0.06640625
0 0.654296875 0.1396484375 0.041015625 0.078125
0 0.6767578125 0.3955078125 0.037109375 0.060546875
0 0.7333984375 0.0244140625 0.041015625 0.048828125
0 0.78125 0.5615234375 0.037109375 0.0625
0 0.74609375 0.60546875 0.037109375 0.05859375
0 0.7109375 0.5185546875 0.037109375 0.060546875
0 0.708984375 0.4638671875 0.033203125 0.05078125
0 0.373046875 0.84375 0.033203125 0.056640625
0 0.3486328125 0.421875 0.03125 0.0546875
4 0.513671875 0.53515625 0.19140625 0.21875
4 0.478515625 0.267578125 0.158203125 0.3125
2 0.607421875 0.333984375 0.0859375 0.150390625
2 0.669921875 0.64453125 0.13671875 0.298828125
2 0.5341796875 0.71484375 0.146484375 0.279296875
3 0.6923828125 0.2841796875 0.078125 0.08203125
3 0.7529296875 0.353515625 0.08203125 0.21484375
5 0.6455078125 0.2041015625 0.1328125 0.12890625
5 0.7548828125 0.2919921875 0.146484375 0.109375
6 0.83984375 0.060546875 0.1015625 0.119140625