0 0.3515625 0.166015625 0.033203125 0.06640625
0 0.35546875 0.556640625 0.033203125 0.0546875
0 0.681640625 0.291015625 0.0390625 0.068359375
0 0.3857421875 0.3671875 0.033203125 0.056640625
0 0.3505859375 0.4677734375 0.033203125 0.056640625
0 0.5673828125 0.232421875 0.03125 0.056640625
0 0.638671875 0.3134765625 0.037109375 0.064453125
0 0.5771484375 0.029296875 0.037109375 0.05859375
0 0.4912109375 0.8291015625 0.02734375 0.046875
0 0.6650390625 0.349609375 0.0390625 0.068359375
2 0.7587890625 0.3486328125 0.18359375 0.296875
2 0.6962890625 0.646484375 0.1484375 0.337890625
2 0.5517578125 0.3505859375 0.076171875 0.142578125
5 0.490234375 0.1904296875 0.0625 0.234375
3 0.5244140625 0.1611328125 0.09765625 0.173828125
3 0.49609375 0.2802734375 0.044921875 0.09765625
1 0.3740234375 0.2509765625 0.033203125 0.056640625
4 0.462890625 0.4462890625 0.08984375 0.251953125
4 0.6015625 0.4765625 0.19140625 0.28515625
5 0.3837890625 0.283203125 0.08984375 0.169921875
6 0.8359375 0.0615234375 0.103515625 0.123046875
0 0.37109375 0.8486328125 0.0302734375 0.052734375