4 0.6396484375 0.4384765625 0.177734375 0.232421875
4 0.6455078125 0.76171875 0.154296875 0.19921875
0 0.513671875 0.2861328125 0.029296875 0.052734375
0 0.4970703125 0.66796875 0.03125 0.052734375
0 0.5595703125 0.681640625 0.029296875 0.056640625
0 0.4609375 0.494140625 0.033203125 0.056640625
0 0.4716796875 0.4248046875 0.033203125 0.05859375
0 0.5068359375 0.3935546875 0.029296875 0.0546875
0 0.5078125 0.2158203125 0.02734375 0.060546875
0 0.4365234375 0.708984375 0.03125 0.052734375
0 0.375 0.744140625 0.03125 0.052734375
0 0.3720703125 0.845703125 0.033203125 0.0546875
0 0.45703125 0.5859375 0.03125 0.052734375
5 0.4404296875 0.61328125 0.09765625 0.169921875
5 0.5244140625 0.4169921875 0.0625 0.205078125
3 0.40625 0.6455078125 0.109375 0.0859375
6 0.4248046875 0.798828125 0.06640625 0.12109375
2 0.701171875 0.6201171875 0.087890625 0.115234375
2 0.5751953125 0.1474609375 0.146484375 0.294921875
2 0.7373046875 0.251953125 0.177734375 0.365234375
1 0.5341796875 0.4404296875 0.03125 0.0654296875