0 0.53515625 0.2177734375 0.03515625 0.06640625
0 0.6337890625 0.3359375 0.037109375 0.064453125
0 0.6572265625 0.2734375 0.0390625 0.068359375
0 0.6982421875 0.0595703125 0.04296875 0.076171875
0 0.4697265625 0.1396484375 0.03515625 0.0703125
0 0.751953125 0.3515625 0.04296875 0.0703125
0 0.798828125 0.0947265625 0.044921875 0.087890625
0 0.73046875 0.1083984375 0.041015625 0.080078125
0 0.6064453125 0.09375 0.02734375 0.068359375
0 0.56640625 0.30078125 0.0234375 0.05078125
0 0.3720703125 0.8447265625 0.033203125 0.060546875
1 0.43359375 0.21875 0.0390625 0.076171875
5 0.451171875 0.2734375 0.119140625 0.12109375
5 0.6884765625 0.126953125 0.07421875 0.25390625
3 0.6552734375 0.2314453125 0.064453125 0.08984375
3 0.7138671875 0.11328125 0.109375 0.18359375
2 0.4736328125 0.4658203125 0.083984375 0.13671875
2 0.728515625 0.3740234375 0.19140625 0.28515625
2 0.7060546875 0.6318359375 0.193359375 0.228515625
4 0.47265625 0.62890625 0.1484375 0.263671875
4 0.5771484375 0.4775390625 0.16015625 0.32421875
6 0.3662109375 0.4814453125 0.072265625 0.12890625