1 0.748046875 0.771484375 0.041015625 0.05078125
0 0.4375 0.5732421875 0.033203125 0.060546875
0 0.45703125 0.5234375 0.033203125 0.056640625
0 0.427734375 0.8076171875 0.03125 0.052734375
0 0.5888671875 0.68359375 0.029296875 0.052734375
0 0.4853515625 0.7021484375 0.033203125 0.052734375
0 0.7822265625 0.80859375 0.037109375 0.056640625
0 0.7666015625 0.6328125 0.033203125 0.052734375
0 0.7900390625 0.3212890625 0.0390625 0.0625
0 0.7490234375 0.544921875 0.033203125 0.0390625
4 0.6455078125 0.595703125 0.13671875 0.265625
4 0.669921875 0.3564453125 0.1875 0.326171875
2 0.4677734375 0.369140625 0.15234375 0.3359375
2 0.5703125 0.4794921875 0.078125 0.14453125
2 0.6240234375 0.1611328125 0.2109375 0.322265625
6 0.771484375 0.484375 0.087890625 0.140625
3 0.5517578125 0.6767578125 0.05078125 0.10546875
3 0.4794921875 0.6640625 0.115234375 0.111328125
5 0.494140625 0.69140625 0.099609375 0.142578125
5 0.5830078125 0.7939453125 0.068359375 0.16796875
0 0.3662109375 0.8486328125 0.03125 0.0546875
0 0.509765625 0.5615234375 0.0263671875 0.048828125