0 0.419921875 0.4306640625 0.041015625 0.060546875
0 0.470703125 0.44140625 0.033203125 0.060546875
0 0.4990234375 0.40625 0.03125 0.052734375
0 0.40625 0.65234375 0.03125 0.0546875
0 0.5068359375 0.2998046875 0.033203125 0.05859375
0 0.5126953125 0.6787109375 0.03125 0.052734375
0 0.3642578125 0.69140625 0.03125 0.052734375
0 0.44921875 0.6298828125 0.029296875 0.05078125
0 0.5419921875 0.3310546875 0.029296875 0.05078125
0 0.4287109375 0.5322265625 0.033203125 0.0546875
6 0.4091796875 0.7783203125 0.064453125 0.130859375
4 0.6181640625 0.7626953125 0.150390625 0.177734375
4 0.63671875 0.4482421875 0.18359375 0.19921875
2 0.5947265625 0.1513671875 0.181640625 0.298828125
2 0.7646484375 0.263671875 0.1484375 0.408203125
2 0.6767578125 0.6220703125 0.08203125 0.12890625
5 0.5166015625 0.4306640625 0.06640625 0.1953125
1 0.529296875 0.447265625 0.02734375 0.064453125
3 0.3828125 0.5888671875 0.103515625 0.080078125
5 0.4111328125 0.552734375 0.109375 0.15625
3 0.5751953125 0.3212890625 0.052734375 0.080078125
0 0.373046875 0.84375 0.0341796875 0.052734375