0 0.412109375 0.4033203125 0.04296875 0.0625
0 0.5009765625 0.322265625 0.033203125 0.060546875
0 0.5009765625 0.4228515625 0.03125 0.0546875
0 0.498046875 0.6796875 0.03125 0.0546875
0 0.3994140625 0.63671875 0.033203125 0.0546875
0 0.361328125 0.6826171875 0.029296875 0.05078125
0 0.4716796875 0.451171875 0.033203125 0.05859375
0 0.5458984375 0.333984375 0.02734375 0.048828125
0 0.427734375 0.5146484375 0.025390625 0.048828125
0 0.4404296875 0.623046875 0.03125 0.0546875
0 0.37109375 0.8486328125 0.033203125 0.0546875
6 0.400390625 0.77734375 0.068359375 0.1171875
1 0.53515625 0.4677734375 0.0234375 0.05859375
2 0.666015625 0.634765625 0.0859375 0.12890625
2 0.771484375 0.2861328125 0.185546875 0.416015625
2 0.607421875 0.158203125 0.177734375 0.31640625
3 0.5712890625 0.3388671875 0.0625 0.10546875
3 0.38671875 0.576171875 0.09765625 0.10546875
4 0.611328125 0.7705078125 0.14453125 0.158203125
4 0.6416015625 0.466796875 0.1796875 0.201171875
5 0.408203125 0.5390625 0.099609375 0.171875
5 0.5244140625 0.435546875 0.06640625 0.205078125