0 0.36328125 0.3466796875 0.033203125 0.0625
0 0.3564453125 0.5341796875 0.033203125 0.0546875
0 0.4853515625 0.3154296875 0.029296875 0.052734375
0 0.5078125 0.25 0.03515625 0.064453125
0 0.3837890625 0.7333984375 0.03125 0.05078125
0 0.5478515625 0.1640625 0.037109375 0.064453125
0 0.5380859375 0.3330078125 0.033203125 0.05859375
0 0.3720703125 0.8447265625 0.033203125 0.0546875
0 0.4130859375 0.6513671875 0.029296875 0.05078125
0 0.3642578125 0.6884765625 0.03125 0.0546875
0 0.6630859375 0.8515625 0.029296875 0.048828125
1 0.388671875 0.552734375 0.025390625 0.052734375
3 0.421875 0.3779296875 0.06640625 0.17578125
3 0.478515625 0.4375 0.05078125 0.099609375
2 0.5341796875 0.4375 0.078125 0.1328125
2 0.619140625 0.1494140625 0.224609375 0.298828125
2 0.7578125 0.4873046875 0.1875 0.365234375
4 0.6123046875 0.44140625 0.12109375 0.31640625
4 0.509765625 0.64453125 0.115234375 0.224609375
5 0.4052734375 0.60546875 0.072265625 0.1796875
5 0.4208984375 0.400390625 0.12109375 0.13671875
6 0.8369140625 0.060546875 0.10546875 0.1171875