0 0.5947265625 0.1884765625 0.03515625 0.0625
0 0.8212890625 0.1220703125 0.04296875 0.076171875
0 0.828125 0.306640625 0.046875 0.072265625
0 0.78515625 0.3583984375 0.0390625 0.0625
0 0.65625 0.3486328125 0.04296875 0.0625
0 0.58984375 0.2919921875 0.02734375 0.05078125
0 0.6396484375 0.40625 0.041015625 0.0546875
0 0.748046875 0.544921875 0.041015625 0.068359375
0 0.8125 0.5048828125 0.041015625 0.068359375
0 0.3720703125 0.84765625 0.033203125 0.060546875
0 0.7080078125 0.259765625 0.037109375 0.0625
1 0.701171875 0.13671875 0.041015625 0.0703125
6 0.3544921875 0.322265625 0.080078125 0.1328125
2 0.47265625 0.3671875 0.072265625 0.1484375
2 0.62109375 0.6875 0.17578125 0.291015625
2 0.724609375 0.5283203125 0.19921875 0.23828125
3 0.705078125 0.330078125 0.064453125 0.107421875
3 0.78515625 0.36328125 0.103515625 0.130859375
5 0.6953125 0.1396484375 0.140625 0.154296875
5 0.77734375 0.2998046875 0.142578125 0.126953125
4 0.5693359375 0.443359375 0.146484375 0.322265625
4 0.447265625 0.5302734375 0.15625 0.271484375