0 0.6728515625 0.390625 0.03515625 0.0625
0 0.765625 0.3427734375 0.037109375 0.06640625
0 0.75 0.4677734375 0.0390625 0.064453125
0 0.7041015625 0.4560546875 0.037109375 0.0625
0 0.4189453125 0.1025390625 0.0390625 0.07421875
0 0.4755859375 0.0654296875 0.037109375 0.072265625
0 0.3603515625 0.1640625 0.0390625 0.068359375
0 0.369140625 0.6533203125 0.029296875 0.05078125
0 0.646484375 0.029296875 0.033203125 0.05859375
0 0.705078125 0.3369140625 0.029296875 0.048828125
0 0.3720703125 0.849609375 0.033203125 0.05859375
4 0.501953125 0.298828125 0.16796875 0.298828125
4 0.5859375 0.478515625 0.20703125 0.22265625
2 0.6083984375 0.70703125 0.15625 0.296875
2 0.7314453125 0.5654296875 0.171875 0.34375
2 0.611328125 0.3037109375 0.087890625 0.162109375
1 0.615234375 0.0400390625 0.0390625 0.076171875
5 0.568359375 0.15625 0.08203125 0.2421875
5 0.693359375 0.1357421875 0.12109375 0.23046875
3 0.634765625 0.205078125 0.068359375 0.11328125
3 0.7109375 0.2021484375 0.13671875 0.140625
6 0.8369140625 0.0634765625 0.107421875 0.126953125