0 0.5673828125 0.52734375 0.029296875 0.056640625
0 0.5859375 0.607421875 0.033203125 0.056640625
0 0.494140625 0.6943359375 0.033203125 0.056640625
0 0.8125 0.6220703125 0.03515625 0.056640625
0 0.5693359375 0.771484375 0.033203125 0.0546875
0 0.6044921875 0.85546875 0.033203125 0.056640625
0 0.6826171875 0.765625 0.033203125 0.056640625
0 0.6875 0.84375 0.033203125 0.052734375
0 0.6298828125 0.8271484375 0.03125 0.052734375
0 0.6220703125 0.572265625 0.02734375 0.046875
0 0.37109375 0.84765625 0.03125 0.05859375
1 0.6484375 0.755859375 0.0234375 0.0625
2 0.6513671875 0.4921875 0.091796875 0.130859375
2 0.50390625 0.6533203125 0.1640625 0.2890625
2 0.4013671875 0.3681640625 0.166015625 0.3203125
3 0.619140625 0.6435546875 0.056640625 0.076171875
3 0.5751953125 0.728515625 0.0859375 0.107421875
4 0.533203125 0.3837890625 0.173828125 0.310546875
4 0.7431640625 0.291015625 0.185546875 0.296875
5 0.6767578125 0.76953125 0.099609375 0.142578125
5 0.5986328125 0.7294921875 0.056640625 0.197265625
6 0.806640625 0.0654296875 0.099609375 0.130859375