2 0.41796875 0.2802734375 0.169921875 0.314453125
2 0.6123046875 0.1884765625 0.212890625 0.275390625
2 0.78125 0.3251953125 0.0859375 0.158203125
1 0.5400390625 0.4814453125 0.02734375 0.060546875
3 0.505859375 0.3818359375 0.056640625 0.10546875
3 0.5439453125 0.6865234375 0.09375 0.150390625
5 0.5361328125 0.4736328125 0.0625 0.205078125
5 0.568359375 0.630859375 0.08203125 0.1796875
6 0.5625 0.80859375 0.068359375 0.12109375
0 0.6982421875 0.5224609375 0.03515625 0.0625
0 0.7099609375 0.587890625 0.037109375 0.05859375
0 0.3759765625 0.4736328125 0.029296875 0.05078125
0 0.3671875 0.6181640625 0.03125 0.05078125
0 0.3564453125 0.380859375 0.03515625 0.060546875
0 0.4658203125 0.841796875 0.03125 0.0546875
0 0.369140625 0.8505859375 0.033203125 0.056640625
0 0.59375 0.7275390625 0.03515625 0.056640625
0 0.4453125 0.455078125 0.03125 0.052734375
0 0.509765625 0.4912109375 0.03125 0.060546875
4 0.7138671875 0.6962890625 0.16015625 0.208984375
4 0.640625 0.3828125 0.212890625 0.26953125
0 0.572265625 0.58203125 0.029296875 0.0537109375