4 0.4580078125 0.1875 0.166015625 0.30078125
4 0.5400390625 0.4091796875 0.11328125 0.328125
0 0.619140625 0.48046875 0.033203125 0.052734375
0 0.6767578125 0.453125 0.03125 0.048828125
0 0.6708984375 0.5361328125 0.033203125 0.0625
0 0.7783203125 0.71484375 0.0390625 0.05859375
0 0.7275390625 0.822265625 0.03515625 0.056640625
0 0.7041015625 0.7236328125 0.03515625 0.0546875
0 0.6064453125 0.7216796875 0.033203125 0.05859375
0 0.7548828125 0.5712890625 0.037109375 0.056640625
0 0.7724609375 0.828125 0.03515625 0.056640625
0 0.8359375 0.330078125 0.0390625 0.060546875
0 0.3720703125 0.845703125 0.033203125 0.0546875
1 0.7490234375 0.619140625 0.04296875 0.064453125
6 0.75390625 0.064453125 0.08984375 0.12890625
2 0.6396484375 0.1064453125 0.08203125 0.173828125
2 0.470703125 0.599609375 0.1484375 0.32421875
2 0.5966796875 0.6669921875 0.15234375 0.287109375
3 0.69921875 0.5712890625 0.048828125 0.1015625
5 0.7099609375 0.6748046875 0.0859375 0.181640625
3 0.6904296875 0.69140625 0.068359375 0.150390625
5 0.78125 0.609375 0.115234375 0.16015625