0 0.3408203125 0.28125 0.033203125 0.064453125
0 0.3486328125 0.373046875 0.03515625 0.05859375
0 0.6552734375 0.35546875 0.03515625 0.05859375
0 0.7685546875 0.083984375 0.044921875 0.08203125
0 0.423828125 0.76953125 0.02734375 0.046875
0 0.3955078125 0.2265625 0.03515625 0.05859375
0 0.6845703125 0.3984375 0.0390625 0.068359375
0 0.4541015625 0.033203125 0.0390625 0.064453125
0 0.6435546875 0.2578125 0.037109375 0.060546875
0 0.3720703125 0.845703125 0.033203125 0.0625
0 0.73046875 0.3662109375 0.033203125 0.078125
1 0.421875 0.1591796875 0.041015625 0.052734375
2 0.5771484375 0.3203125 0.07421875 0.140625
2 0.67578125 0.6787109375 0.15625 0.322265625
2 0.755859375 0.498046875 0.162109375 0.28125
6 0.8388671875 0.0556640625 0.107421875 0.107421875
5 0.4599609375 0.2236328125 0.125 0.158203125
5 0.58984375 0.126953125 0.11328125 0.21875
4 0.4775390625 0.3623046875 0.14453125 0.287109375
4 0.5908203125 0.4814453125 0.205078125 0.259765625
3 0.5439453125 0.21875 0.05859375 0.080078125
3 0.619140625 0.1572265625 0.146484375 0.09765625