0 0.4169921875 0.1181640625 0.037109375 0.07421875
0 0.373046875 0.6591796875 0.029296875 0.048828125
0 0.6708984375 0.3857421875 0.03515625 0.060546875
0 0.7685546875 0.32421875 0.04296875 0.0703125
0 0.4697265625 0.07421875 0.03515625 0.068359375
0 0.6298828125 0.029296875 0.033203125 0.056640625
0 0.7509765625 0.4619140625 0.0390625 0.0625
0 0.703125 0.4501953125 0.0390625 0.06640625
0 0.3583984375 0.1796875 0.0390625 0.06640625
0 0.7021484375 0.3291015625 0.029296875 0.0546875
2 0.61328125 0.30859375 0.08203125 0.158203125
2 0.6103515625 0.7099609375 0.158203125 0.3203125
2 0.732421875 0.615234375 0.177734375 0.29296875
5 0.5625 0.1552734375 0.083984375 0.21875
1 0.599609375 0.0419921875 0.037109375 0.080078125
3 0.630859375 0.2060546875 0.0703125 0.099609375
3 0.70703125 0.1943359375 0.134765625 0.1171875
5 0.68359375 0.12890625 0.123046875 0.2421875
6 0.8359375 0.0625 0.11328125 0.125
4 0.5048828125 0.3046875 0.16015625 0.294921875
4 0.5869140625 0.482421875 0.20703125 0.244140625
0 0.37109375 0.8466796875 0.03125 0.05859375