0 0.525390625 0.498046875 0.033203125 0.0625
0 0.4677734375 0.7529296875 0.033203125 0.0546875
0 0.48828125 0.8447265625 0.03125 0.0546875
0 0.7822265625 0.76953125 0.033203125 0.0546875
0 0.513671875 0.5615234375 0.033203125 0.056640625
0 0.4091796875 0.578125 0.03125 0.0546875
0 0.5107421875 0.81640625 0.029296875 0.052734375
0 0.5439453125 0.5390625 0.025390625 0.048828125
0 0.5595703125 0.7890625 0.029296875 0.052734375
0 0.5400390625 0.8486328125 0.029296875 0.05078125
0 0.3720703125 0.845703125 0.033203125 0.0546875
1 0.53515625 0.759765625 0.03125 0.044921875
6 0.826171875 0.060546875 0.111328125 0.12109375
2 0.595703125 0.15625 0.21875 0.267578125
2 0.4443359375 0.51171875 0.1484375 0.3203125
2 0.5986328125 0.5 0.07421875 0.14453125
4 0.5498046875 0.37109375 0.203125 0.216796875
4 0.7177734375 0.5849609375 0.158203125 0.26953125
3 0.4873046875 0.69140625 0.1015625 0.060546875
5 0.494140625 0.712890625 0.09375 0.19140625
3 0.546875 0.6416015625 0.052734375 0.068359375
5 0.5546875 0.77734375 0.078125 0.162109375