2 0.4189453125 0.3359375 0.177734375 0.263671875
2 0.498046875 0.6181640625 0.14453125 0.22265625
2 0.6337890625 0.5 0.087890625 0.13671875
0 0.5751953125 0.6064453125 0.029296875 0.080078125
0 0.6103515625 0.8173828125 0.03125 0.052734375
0 0.662109375 0.7763671875 0.03125 0.0546875
0 0.6650390625 0.84375 0.033203125 0.052734375
0 0.80859375 0.646484375 0.03515625 0.052734375
0 0.5869140625 0.8525390625 0.03125 0.052734375
0 0.4814453125 0.689453125 0.033203125 0.056640625
0 0.6064453125 0.5751953125 0.02734375 0.046875
1 0.630859375 0.76171875 0.029296875 0.060546875
0 0.5546875 0.7734375 0.037109375 0.0546875
0 0.3740234375 0.84375 0.041015625 0.064453125
0 0.5595703125 0.5283203125 0.03125 0.056640625
4 0.53515625 0.375 0.171875 0.296875
4 0.7568359375 0.341796875 0.197265625 0.3046875
6 0.818359375 0.06640625 0.095703125 0.12890625
3 0.611328125 0.6513671875 0.052734375 0.076171875
3 0.560546875 0.7275390625 0.078125 0.083984375
5 0.5869140625 0.736328125 0.0546875 0.224609375
5 0.6533203125 0.76953125 0.103515625 0.1484375