4 0.515625 0.1787109375 0.173828125 0.26953125
4 0.5419921875 0.4072265625 0.109375 0.328125
2 0.4521484375 0.572265625 0.150390625 0.326171875
2 0.5791015625 0.6767578125 0.1640625 0.291015625
0 0.5869140625 0.724609375 0.03515625 0.056640625
0 0.6142578125 0.4970703125 0.03125 0.048828125
0 0.6787109375 0.4921875 0.02734375 0.05078125
0 0.6611328125 0.5625 0.033203125 0.0625
0 0.673828125 0.7431640625 0.029296875 0.0625
0 0.7109375 0.8359375 0.033203125 0.056640625
0 0.7509765625 0.623046875 0.0390625 0.064453125
0 0.7568359375 0.7451171875 0.033203125 0.068359375
0 0.7685546875 0.8232421875 0.03125 0.0625
0 0.8349609375 0.38671875 0.0390625 0.0546875
2 0.7060546875 0.1982421875 0.099609375 0.189453125
6 0.7685546875 0.0693359375 0.09765625 0.130859375
3 0.693359375 0.580078125 0.033203125 0.078125
5 0.6875 0.6943359375 0.080078125 0.203125
3 0.6650390625 0.7109375 0.076171875 0.154296875
5 0.771484375 0.6708984375 0.123046875 0.138671875
1 0.736328125 0.65625 0.041015625 0.072265625
0 0.3720703125 0.845703125 0.0361328125 0.0595703125