0 0.3662109375 0.84765625 0.029296875 0.060546875
0 0.3544921875 0.521484375 0.033203125 0.064453125
0 0.3486328125 0.388671875 0.033203125 0.056640625
0 0.4013671875 0.263671875 0.037109375 0.0546875
0 0.5068359375 0.34765625 0.037109375 0.064453125
0 0.60546875 0.1806640625 0.041015625 0.083984375
0 0.8115234375 0.2568359375 0.037109375 0.072265625
0 0.7734375 0.2001953125 0.046875 0.068359375
0 0.7255859375 0.4990234375 0.03515625 0.0546875
0 0.7294921875 0.5224609375 0.03515625 0.046875
1 0.4853515625 0.1123046875 0.046875 0.064453125
0 0.818359375 0.029296875 0.0390625 0.05859375
3 0.654296875 0.30078125 0.0703125 0.099609375
3 0.6396484375 0.4521484375 0.119140625 0.115234375
2 0.5576171875 0.4658203125 0.068359375 0.13671875
2 0.7373046875 0.5751953125 0.1640625 0.29296875
2 0.669921875 0.7724609375 0.1640625 0.228515625
4 0.4921875 0.4228515625 0.11328125 0.26953125
4 0.568359375 0.638671875 0.19140625 0.212890625
5 0.65234375 0.392578125 0.087890625 0.23046875
5 0.7568359375 0.25 0.09375 0.2421875
6 0.6865234375 0.15625 0.0859375 0.1640625