0 0.34375 0.296875 0.037109375 0.0625
0 0.359375 0.634765625 0.03125 0.052734375
0 0.388671875 0.4814453125 0.03125 0.052734375
0 0.6328125 0.201171875 0.04296875 0.078125
0 0.3564453125 0.568359375 0.033203125 0.052734375
0 0.5283203125 0.244140625 0.029296875 0.0546875
0 0.6064453125 0.2626953125 0.037109375 0.0625
0 0.5546875 0.8505859375 0.02734375 0.048828125
0 0.654296875 0.2880859375 0.0390625 0.0703125
2 0.55078125 0.3623046875 0.09375 0.142578125
2 0.7158203125 0.626953125 0.15625 0.333984375
2 0.7587890625 0.2392578125 0.203125 0.3515625
6 0.841796875 0.0546875 0.10546875 0.109375
5 0.3896484375 0.40234375 0.080078125 0.1796875
3 0.4541015625 0.20703125 0.04296875 0.216796875
3 0.48046875 0.3251953125 0.048828125 0.109375
5 0.4248046875 0.2373046875 0.134765625 0.197265625
4 0.4658203125 0.51953125 0.103515625 0.2265625
4 0.6064453125 0.4765625 0.193359375 0.294921875
1 0.37109375 0.3564453125 0.025390625 0.060546875
0 0.3720703125 0.8466796875 0.0322265625 0.0546875