0 0.4658203125 0.66015625 0.03515625 0.056640625
0 0.390625 0.5849609375 0.033203125 0.0546875
0 0.3583984375 0.646484375 0.03125 0.052734375
0 0.4580078125 0.4443359375 0.03515625 0.060546875
0 0.4619140625 0.3212890625 0.033203125 0.060546875
0 0.4873046875 0.4228515625 0.03125 0.052734375
0 0.3896484375 0.3046875 0.037109375 0.064453125
0 0.53125 0.3310546875 0.03125 0.052734375
0 0.3720703125 0.849609375 0.033203125 0.064453125
0 0.4208984375 0.5830078125 0.03125 0.052734375
0 0.4130859375 0.4384765625 0.033203125 0.060546875
6 0.400390625 0.767578125 0.064453125 0.1171875
1 0.5244140625 0.4638671875 0.0234375 0.0625
2 0.6484375 0.6279296875 0.0859375 0.138671875
2 0.7734375 0.3056640625 0.18359375 0.3828125
2 0.6259765625 0.1591796875 0.16796875 0.306640625
3 0.5576171875 0.3310546875 0.056640625 0.09765625
3 0.3779296875 0.5146484375 0.08203125 0.109375
4 0.5908203125 0.7607421875 0.138671875 0.150390625
4 0.6337890625 0.4658203125 0.1875 0.203125
5 0.509765625 0.4423828125 0.0625 0.2109375
5 0.396484375 0.478515625 0.095703125 0.171875