0 0.3525390625 0.5361328125 0.033203125 0.056640625
0 0.6064453125 0.8525390625 0.03125 0.052734375
0 0.5107421875 0.833984375 0.02734375 0.048828125
0 0.5009765625 0.51171875 0.03125 0.056640625
0 0.642578125 0.0322265625 0.041015625 0.0625
0 0.5927734375 0.7548828125 0.029296875 0.052734375
0 0.5244140625 0.7001953125 0.025390625 0.05078125
0 0.548828125 0.134765625 0.037109375 0.068359375
0 0.3876953125 0.345703125 0.03515625 0.0625
0 0.4814453125 0.2431640625 0.03125 0.0546875
0 0.36328125 0.8427734375 0.0390625 0.0625
6 0.4873046875 0.7099609375 0.064453125 0.115234375
5 0.39453125 0.578125 0.072265625 0.189453125
5 0.4140625 0.3642578125 0.119140625 0.1953125
3 0.4208984375 0.3349609375 0.060546875 0.251953125
3 0.44921875 0.4951171875 0.044921875 0.09765625
2 0.552734375 0.36328125 0.076171875 0.15625
2 0.75 0.466796875 0.189453125 0.2890625
2 0.7119140625 0.2109375 0.1875 0.232421875
1 0.5576171875 0.7353515625 0.03515625 0.05859375
4 0.541015625 0.5595703125 0.154296875 0.244140625
4 0.658203125 0.5693359375 0.1533203125 0.2734375