0 0.59375 0.517578125 0.03125 0.056640625
0 0.8212890625 0.4765625 0.037109375 0.05859375
0 0.67578125 0.84765625 0.03515625 0.05859375
0 0.7041015625 0.798828125 0.03515625 0.05859375
0 0.6279296875 0.59375 0.03515625 0.060546875
0 0.5517578125 0.72265625 0.029296875 0.052734375
0 0.736328125 0.6953125 0.033203125 0.060546875
0 0.7490234375 0.837890625 0.03515625 0.0546875
0 0.6630859375 0.5517578125 0.029296875 0.046875
0 0.634765625 0.763671875 0.033203125 0.052734375
1 0.7119140625 0.71484375 0.033203125 0.06640625
2 0.431640625 0.515625 0.146484375 0.31640625
2 0.7109375 0.3447265625 0.087890625 0.15625
2 0.5478515625 0.642578125 0.171875 0.203125
4 0.541015625 0.41015625 0.134765625 0.294921875
4 0.6279296875 0.166015625 0.158203125 0.212890625
3 0.634765625 0.7216796875 0.080078125 0.125
3 0.6650390625 0.615234375 0.052734375 0.07421875
5 0.6572265625 0.7255859375 0.06640625 0.201171875
5 0.7451171875 0.7392578125 0.126953125 0.123046875
0 0.3701171875 0.84765625 0.03125 0.0576171875