2 0.3857421875 0.53125 0.130859375 0.291015625
2 0.4833984375 0.578125 0.123046875 0.21875
2 0.6025390625 0.5224609375 0.072265625 0.1328125
0 0.6767578125 0.5322265625 0.0390625 0.06640625
0 0.5791015625 0.83984375 0.03125 0.0546875
0 0.7802734375 0.7841796875 0.037109375 0.05859375
0 0.7783203125 0.1943359375 0.0390625 0.064453125
0 0.62109375 0.7275390625 0.03515625 0.056640625
0 0.771484375 0.0419921875 0.03515625 0.072265625
1 0.7939453125 0.689453125 0.03515625 0.064453125
0 0.5302734375 0.66015625 0.033203125 0.052734375
0 0.525390625 0.7119140625 0.03125 0.056640625
6 0.8271484375 0.111328125 0.107421875 0.16015625
4 0.609375 0.2958984375 0.2109375 0.310546875
4 0.71484375 0.42578125 0.14453125 0.294921875
0 0.57421875 0.60546875 0.025390625 0.05078125
3 0.587890625 0.705078125 0.103515625 0.171875
3 0.638671875 0.603515625 0.072265625 0.078125
5 0.6064453125 0.6953125 0.07421875 0.19140625
5 0.7080078125 0.6796875 0.107421875 0.130859375
0 0.36328125 0.857421875 0.03515625 0.056640625