2 0.4736328125 0.5966796875 0.1328125 0.2890625
2 0.6181640625 0.4921875 0.078125 0.140625
2 0.5498046875 0.185546875 0.189453125 0.26953125
0 0.5537109375 0.5048828125 0.03125 0.05859375
0 0.7958984375 0.71875 0.033203125 0.052734375
0 0.6162109375 0.78515625 0.029296875 0.052734375
0 0.6103515625 0.8486328125 0.03125 0.05078125
0 0.5751953125 0.5478515625 0.029296875 0.048828125
0 0.5546875 0.5888671875 0.029296875 0.056640625
4 0.744140625 0.4765625 0.171875 0.291015625
4 0.544921875 0.3701171875 0.20703125 0.27734375
6 0.833984375 0.056640625 0.103515625 0.11328125
0 0.513671875 0.7705078125 0.033203125 0.044921875
0 0.546875 0.84765625 0.02734375 0.05078125
0 0.5673828125 0.8125 0.02734375 0.05078125
0 0.3701171875 0.849609375 0.03125 0.060546875
1 0.5859375 0.767578125 0.03125 0.046875
3 0.529296875 0.7138671875 0.09765625 0.080078125
3 0.5771484375 0.64453125 0.06640625 0.0703125
5 0.55078125 0.728515625 0.060546875 0.201171875
5 0.6142578125 0.7685546875 0.08984375 0.154296875
0 0.44921875 0.65234375 0.033203125 0.056640625