0 0.400390625 0.4599609375 0.03125 0.05078125
0 0.4619140625 0.2421875 0.03515625 0.064453125
0 0.3671875 0.587890625 0.029296875 0.048828125
0 0.3798828125 0.68359375 0.03125 0.052734375
0 0.7431640625 0.400390625 0.0390625 0.064453125
0 0.7529296875 0.1416015625 0.041015625 0.076171875
0 0.6591796875 0.1103515625 0.0390625 0.076171875
0 0.7578125 0.0224609375 0.03515625 0.04296875
0 0.501953125 0.3916015625 0.02734375 0.05859375
0 0.3681640625 0.8466796875 0.037109375 0.056640625
1 0.4150390625 0.3125 0.03515625 0.0625
6 0.54296875 0.1376953125 0.080078125 0.15234375
2 0.58203125 0.470703125 0.068359375 0.14453125
2 0.71875 0.7119140625 0.17578125 0.2890625
2 0.7529296875 0.525390625 0.169921875 0.23828125
0 0.767578125 0.345703125 0.041015625 0.0625
3 0.5478515625 0.28125 0.056640625 0.119140625
3 0.6318359375 0.353515625 0.087890625 0.220703125
5 0.6162109375 0.314453125 0.1328125 0.1796875
5 0.6162109375 0.1318359375 0.078125 0.25
4 0.498046875 0.4609375 0.107421875 0.240234375
4 0.599609375 0.630859375 0.203125 0.23828125