6 0.3642578125 0.4619140625 0.078125 0.123046875
4 0.47265625 0.61328125 0.140625 0.259765625
4 0.5830078125 0.47265625 0.146484375 0.328125
2 0.4736328125 0.4580078125 0.083984375 0.130859375
2 0.7294921875 0.3974609375 0.203125 0.306640625
2 0.6962890625 0.6396484375 0.2109375 0.25
0 0.6337890625 0.095703125 0.037109375 0.0625
0 0.5712890625 0.296875 0.033203125 0.056640625
0 0.478515625 0.1142578125 0.041015625 0.064453125
0 0.7177734375 0.0546875 0.0390625 0.068359375
0 0.806640625 0.1083984375 0.037109375 0.064453125
0 0.736328125 0.1240234375 0.041015625 0.0859375
0 0.658203125 0.2783203125 0.037109375 0.068359375
0 0.6376953125 0.3388671875 0.037109375 0.05859375
0 0.7490234375 0.3642578125 0.041015625 0.083984375
0 0.552734375 0.234375 0.025390625 0.068359375
5 0.697265625 0.12890625 0.0625 0.2578125
3 0.6552734375 0.228515625 0.060546875 0.068359375
5 0.4931640625 0.220703125 0.111328125 0.1484375
1 0.4599609375 0.138671875 0.0390625 0.0625
3 0.7578125 0.0849609375 0.041015625 0.095703125
0 0.37109375 0.8486328125 0.033203125 0.0595703125