0 0.349609375 0.4482421875 0.033203125 0.0546875
0 0.37109375 0.498046875 0.033203125 0.0546875
0 0.4423828125 0.2099609375 0.03515625 0.06640625
0 0.419921875 0.396484375 0.033203125 0.0546875
0 0.4814453125 0.23828125 0.033203125 0.0625
0 0.3701171875 0.3017578125 0.03515625 0.064453125
0 0.5087890625 0.265625 0.029296875 0.0546875
0 0.4033203125 0.29296875 0.03515625 0.0625
0 0.44140625 0.333984375 0.03125 0.0546875
0 0.6337890625 0.19921875 0.041015625 0.07421875
0 0.37109375 0.849609375 0.033203125 0.05859375
6 0.390625 0.689453125 0.072265625 0.123046875
4 0.53515625 0.7255859375 0.14453125 0.205078125
4 0.6064453125 0.5087890625 0.16796875 0.240234375
2 0.5615234375 0.6103515625 0.08203125 0.109375
2 0.6357421875 0.296875 0.18359375 0.267578125
2 0.763671875 0.4580078125 0.1796875 0.34375
3 0.373046875 0.2255859375 0.08984375 0.11328125
1 0.482421875 0.40234375 0.02734375 0.0625
5 0.4765625 0.3798828125 0.060546875 0.212890625
3 0.5 0.21484375 0.078125 0.123046875