0 0.5205078125 0.341796875 0.029296875 0.05078125
0 0.4296875 0.2841796875 0.033203125 0.05859375
0 0.455078125 0.4306640625 0.033203125 0.05859375
0 0.3935546875 0.5341796875 0.03125 0.0546875
0 0.4853515625 0.419921875 0.029296875 0.052734375
0 0.4228515625 0.5419921875 0.03125 0.052734375
0 0.44140625 0.6357421875 0.03125 0.0546875
0 0.3583984375 0.6181640625 0.03125 0.052734375
0 0.3701171875 0.8466796875 0.033203125 0.056640625
0 0.4052734375 0.3681640625 0.03515625 0.0625
1 0.5234375 0.4619140625 0.033203125 0.076171875
2 0.6279296875 0.6376953125 0.083984375 0.126953125
2 0.646484375 0.2021484375 0.16796875 0.318359375
2 0.7783203125 0.3515625 0.16796875 0.390625
3 0.54296875 0.33984375 0.05078125 0.095703125
3 0.37109375 0.458984375 0.08203125 0.158203125
4 0.5810546875 0.751953125 0.134765625 0.158203125
4 0.6298828125 0.4853515625 0.18359375 0.208984375
5 0.509765625 0.4453125 0.0625 0.208984375
5 0.3876953125 0.423828125 0.09375 0.19921875
6 0.40234375 0.7578125 0.068359375 0.11328125