0 0.3486328125 0.4462890625 0.033203125 0.0703125
0 0.5498046875 0.2041015625 0.0390625 0.0703125
0 0.3701171875 0.705078125 0.033203125 0.0546875
0 0.3984375 0.5947265625 0.03125 0.052734375
0 0.3603515625 0.6533203125 0.033203125 0.0546875
0 0.3623046875 0.248046875 0.0390625 0.06640625
0 0.5 0.2734375 0.029296875 0.0546875
0 0.560546875 0.2822265625 0.03515625 0.0625
0 0.6181640625 0.859375 0.029296875 0.052734375
2 0.54296875 0.400390625 0.083984375 0.134765625
2 0.734375 0.583984375 0.158203125 0.36328125
2 0.6982421875 0.171875 0.208984375 0.314453125
5 0.416015625 0.341796875 0.12890625 0.146484375
3 0.427734375 0.3095703125 0.0546875 0.185546875
3 0.48046875 0.3916015625 0.0546875 0.09765625
5 0.392578125 0.5302734375 0.0703125 0.171875
1 0.376953125 0.474609375 0.029296875 0.068359375
6 0.8388671875 0.0615234375 0.103515625 0.123046875
4 0.478515625 0.6025390625 0.109375 0.2265625
4 0.611328125 0.466796875 0.166015625 0.2890625
0 0.37109375 0.8466796875 0.0419921875 0.064453125
0 0.60546875 0.197265625 0.0439453125 0.076171875