0 0.3388671875 0.2529296875 0.04296875 0.072265625
0 0.4443359375 0.275390625 0.033203125 0.0625
0 0.5185546875 0.75 0.033203125 0.0546875
0 0.3759765625 0.3916015625 0.033203125 0.0546875
0 0.6181640625 0.662109375 0.033203125 0.0546875
0 0.4189453125 0.8095703125 0.029296875 0.052734375
0 0.6455078125 0.61328125 0.033203125 0.056640625
0 0.515625 0.6064453125 0.03125 0.056640625
0 0.4775390625 0.4677734375 0.033203125 0.05859375
0 0.36328125 0.30859375 0.029296875 0.064453125
0 0.3720703125 0.8447265625 0.03125 0.0546875
2 0.7607421875 0.5302734375 0.087890625 0.134765625
2 0.6630859375 0.1943359375 0.197265625 0.359375
4 0.625 0.412109375 0.185546875 0.171875
4 0.685546875 0.728515625 0.140625 0.16015625
6 0.482421875 0.8173828125 0.05859375 0.107421875
1 0.5068359375 0.4423828125 0.025390625 0.0625
3 0.5029296875 0.3251953125 0.046875 0.1015625
3 0.47265625 0.7099609375 0.09765625 0.0859375
5 0.4970703125 0.64453125 0.08984375 0.177734375
5 0.501953125 0.4326171875 0.0703125 0.201171875
2 0.509765625 0.1572265625 0.1494140625 0.3134765625