0 0.580078125 0.2109375 0.037109375 0.0625
0 0.8212890625 0.4560546875 0.04296875 0.06640625
0 0.6416015625 0.4013671875 0.03515625 0.060546875
0 0.6591796875 0.3427734375 0.037109375 0.064453125
0 0.7041015625 0.2431640625 0.041015625 0.068359375
0 0.830078125 0.2568359375 0.04296875 0.072265625
0 0.80859375 0.091796875 0.044921875 0.076171875
0 0.7880859375 0.326171875 0.04296875 0.076171875
0 0.7548828125 0.52734375 0.04296875 0.072265625
0 0.5830078125 0.2890625 0.033203125 0.0546875
2 0.4736328125 0.376953125 0.078125 0.150390625
2 0.6279296875 0.6826171875 0.171875 0.24609375
2 0.7001953125 0.5048828125 0.1484375 0.294921875
5 0.68359375 0.1201171875 0.134765625 0.142578125
1 0.6845703125 0.1357421875 0.03515625 0.08203125
6 0.35546875 0.337890625 0.0859375 0.138671875
4 0.451171875 0.5380859375 0.15234375 0.263671875
4 0.5693359375 0.44921875 0.158203125 0.349609375
3 0.7861328125 0.330078125 0.115234375 0.10546875
5 0.783203125 0.2353515625 0.1171875 0.099609375
3 0.7001953125 0.3203125 0.052734375 0.095703125
0 0.37109375 0.84765625 0.0419921875 0.0576171875