0 0.3564453125 0.57421875 0.02734375 0.0546875
0 0.4130859375 0.5947265625 0.033203125 0.056640625
0 0.42578125 0.4921875 0.03125 0.0546875
0 0.443359375 0.236328125 0.03515625 0.064453125
0 0.4384765625 0.388671875 0.03515625 0.060546875
0 0.396484375 0.4658203125 0.03515625 0.05859375
0 0.392578125 0.287109375 0.033203125 0.060546875
0 0.5634765625 0.107421875 0.037109375 0.068359375
0 0.37109375 0.84375 0.037109375 0.060546875
0 0.494140625 0.3046875 0.029296875 0.060546875
4 0.619140625 0.4912109375 0.173828125 0.23046875
4 0.560546875 0.7431640625 0.13671875 0.166015625
0 0.470703125 0.390625 0.03125 0.06640625
2 0.6474609375 0.2373046875 0.205078125 0.271484375
2 0.77734375 0.3955078125 0.125 0.41796875
3 0.3671875 0.396484375 0.076171875 0.154296875
3 0.5029296875 0.2998046875 0.06640625 0.115234375
5 0.4912109375 0.421875 0.05859375 0.216796875
1 0.501953125 0.4365234375 0.02734375 0.068359375
2 0.6005859375 0.625 0.08984375 0.126953125
6 0.3974609375 0.736328125 0.068359375 0.125