2 0.43359375 0.4794921875 0.18359375 0.271484375
2 0.515625 0.2333984375 0.16796875 0.359375
2 0.6748046875 0.09765625 0.08984375 0.162109375
6 0.7021484375 0.671875 0.078125 0.1328125
5 0.5458984375 0.51953125 0.0703125 0.19921875
5 0.623046875 0.5283203125 0.103515625 0.1875
3 0.626953125 0.595703125 0.05078125 0.20703125
3 0.517578125 0.544921875 0.0625 0.109375
4 0.751953125 0.5478515625 0.169921875 0.201171875
4 0.6259765625 0.26953125 0.185546875 0.328125
0 0.791015625 0.1337890625 0.0390625 0.068359375
0 0.6005859375 0.671875 0.033203125 0.0546875
0 0.6416015625 0.474609375 0.037109375 0.064453125
0 0.5947265625 0.484375 0.033203125 0.05859375
0 0.5107421875 0.580078125 0.03125 0.056640625
0 0.4677734375 0.7861328125 0.03125 0.0546875
0 0.5927734375 0.8623046875 0.02734375 0.046875
0 0.599609375 0.767578125 0.03125 0.052734375
0 0.5888671875 0.7216796875 0.029296875 0.048828125
0 0.6650390625 0.5830078125 0.03515625 0.056640625
0 0.375 0.8447265625 0.033203125 0.056640625
1 0.5634765625 0.5302734375 0.025390625 0.048828125