6 0.57421875 0.77734375 0.0703125 0.125
0 0.40234375 0.9189453125 0.033203125 0.0625
0 0.4296875 0.8681640625 0.03125 0.05078125
0 0.46875 0.83984375 0.03125 0.0546875
0 0.5771484375 0.892578125 0.029296875 0.05859375
0 0.71875 0.728515625 0.033203125 0.05859375
0 0.7958984375 0.6533203125 0.037109375 0.060546875
0 0.669921875 0.61328125 0.037109375 0.060546875
0 0.7646484375 0.5791015625 0.033203125 0.052734375
0 0.671875 0.330078125 0.03515625 0.06640625
0 0.3876953125 0.1396484375 0.029296875 0.052734375
0 0.763671875 0.2431640625 0.0390625 0.06640625
1 0.73046875 0.3818359375 0.044921875 0.056640625
4 0.5302734375 0.2373046875 0.14453125 0.17578125
5 0.5302734375 0.185546875 0.115234375 0.125
2 0.482421875 0.2880859375 0.19921875 0.234375
2 0.583984375 0.556640625 0.1484375 0.32421875
4 0.52734375 0.5595703125 0.15234375 0.333984375
5 0.3818359375 0.65234375 0.068359375 0.189453125
3 0.7568359375 0.806640625 0.080078125 0.193359375
2 0.763671875 0.4775390625 0.087890625 0.138671875
3 0.5830078125 0.7060546875 0.0546875 0.068359375