0 0.625 0.7607421875 0.033203125 0.05859375
0 0.65625 0.7685546875 0.033203125 0.0546875
2 0.45703125 0.625 0.173828125 0.30859375
4 0.5458984375 0.6943359375 0.11328125 0.279296875
0 0.57421875 0.92578125 0.029296875 0.05078125
1 0.7060546875 0.8974609375 0.03125 0.0625
2 0.6240234375 0.80859375 0.142578125 0.29296875
0 0.66796875 0.669921875 0.033203125 0.056640625
5 0.755859375 0.6669921875 0.1171875 0.1328125
0 0.66015625 0.4970703125 0.03515625 0.064453125
0 0.7314453125 0.474609375 0.037109375 0.060546875
5 0.6943359375 0.7109375 0.115234375 0.173828125
0 0.806640625 0.7021484375 0.041015625 0.072265625
4 0.66015625 0.359375 0.158203125 0.21875
0 0.525390625 0.1611328125 0.03515625 0.0703125
6 0.8134765625 0.3828125 0.087890625 0.140625
2 0.7734375 0.4287109375 0.087890625 0.140625
0 0.748046875 0.275390625 0.037109375 0.068359375
0 0.79296875 0.1611328125 0.037109375 0.0625
3 0.802734375 0.2578125 0.087890625 0.126953125
3 0.515625 0.513671875 0.05859375 0.08984375
0 0.3603515625 0.8408203125 0.02734375 0.048828125