0 0.39453125 0.2314453125 0.037109375 0.068359375
0 0.4716796875 0.5048828125 0.033203125 0.05859375
1 0.7890625 0.6640625 0.033203125 0.068359375
0 0.806640625 0.6904296875 0.04296875 0.0703125
3 0.4169921875 0.634765625 0.0625 0.107421875
2 0.5009765625 0.7021484375 0.1328125 0.34375
4 0.5087890625 0.2451171875 0.107421875 0.26171875
4 0.5849609375 0.6923828125 0.12109375 0.31640625
5 0.6845703125 0.5 0.087890625 0.22265625
0 0.6884765625 0.2451171875 0.037109375 0.06640625
0 0.71875 0.9052734375 0.03125 0.056640625
2 0.6923828125 0.7451171875 0.173828125 0.28515625
0 0.7138671875 0.41015625 0.037109375 0.0625
0 0.75390625 0.41015625 0.0390625 0.068359375
0 0.685546875 0.1640625 0.033203125 0.0625
0 0.7177734375 0.1787109375 0.037109375 0.06640625
0 0.7646484375 0.21484375 0.041015625 0.068359375
5 0.744140625 0.390625 0.08984375 0.203125
6 0.81640625 0.31640625 0.09375 0.142578125
3 0.74609375 0.197265625 0.060546875 0.142578125
2 0.767578125 0.2978515625 0.080078125 0.15234375
0 0.359375 0.8408203125 0.025390625 0.048828125