1 0.5595703125 0.765625 0.03515625 0.05078125
0 0.5078125 0.888671875 0.033203125 0.060546875
0 0.515625 0.822265625 0.029296875 0.052734375
0 0.4130859375 0.7373046875 0.03125 0.05859375
0 0.560546875 0.93359375 0.033203125 0.05859375
0 0.6376953125 0.8173828125 0.03515625 0.05859375
0 0.7626953125 0.830078125 0.037109375 0.060546875
3 0.6171875 0.9169921875 0.1015625 0.09765625
5 0.802734375 0.48046875 0.076171875 0.20703125
4 0.541015625 0.4443359375 0.166015625 0.298828125
2 0.6875 0.638671875 0.189453125 0.2890625
2 0.5703125 0.8310546875 0.07421875 0.140625
2 0.4951171875 0.5107421875 0.138671875 0.326171875
0 0.8212890625 0.3173828125 0.033203125 0.0546875
5 0.6103515625 0.21875 0.134765625 0.171875
0 0.4921875 0.16796875 0.03515625 0.06640625
0 0.451171875 0.19921875 0.033203125 0.05859375
6 0.4189453125 0.30859375 0.076171875 0.125
3 0.427734375 0.3759765625 0.0390625 0.06640625
4 0.7529296875 0.5625 0.150390625 0.23046875
0 0.4130859375 0.578125 0.03125 0.0556640625