0 0.7333984375 0.7529296875 0.03515625 0.0546875
5 0.5185546875 0.84765625 0.095703125 0.126953125
5 0.6435546875 0.8232421875 0.1171875 0.140625
0 0.396484375 0.771484375 0.033203125 0.05859375
0 0.3681640625 0.6748046875 0.033203125 0.056640625
0 0.3837890625 0.615234375 0.033203125 0.056640625
3 0.380859375 0.59765625 0.060546875 0.1953125
0 0.3720703125 0.3671875 0.033203125 0.060546875
4 0.55859375 0.6064453125 0.109375 0.236328125
2 0.44921875 0.4638671875 0.158203125 0.296875
2 0.4189453125 0.2587890625 0.076171875 0.142578125
0 0.37890625 0.181640625 0.03125 0.056640625
1 0.46484375 0.26953125 0.029296875 0.06640625
0 0.767578125 0.7099609375 0.037109375 0.060546875
0 0.66015625 0.92578125 0.029296875 0.046875
0 0.6083984375 0.197265625 0.037109375 0.0703125
0 0.677734375 0.1650390625 0.033203125 0.064453125
0 0.6591796875 0.220703125 0.037109375 0.06640625
2 0.595703125 0.35546875 0.203125 0.28515625
6 0.736328125 0.1767578125 0.0859375 0.146484375
4 0.6943359375 0.427734375 0.13671875 0.3125
3 0.708984375 0.2578125 0.0546875 0.052734375