0 0.369140625 0.6337890625 0.03125 0.056640625
0 0.3779296875 0.728515625 0.029296875 0.0546875
5 0.48046875 0.8173828125 0.08203125 0.15625
4 0.5625 0.6015625 0.130859375 0.255859375
0 0.384765625 0.55859375 0.033203125 0.056640625
3 0.3798828125 0.54296875 0.060546875 0.19921875
0 0.3828125 0.3154296875 0.033203125 0.0625
0 0.3837890625 0.1494140625 0.03125 0.05859375
2 0.4384765625 0.2060546875 0.078125 0.1484375
1 0.4892578125 0.2431640625 0.033203125 0.07421875
2 0.4560546875 0.4189453125 0.16015625 0.314453125
4 0.701171875 0.45703125 0.146484375 0.298828125
2 0.6083984375 0.3564453125 0.201171875 0.28125
3 0.7265625 0.287109375 0.05859375 0.111328125
0 0.705078125 0.1826171875 0.037109375 0.064453125
0 0.6259765625 0.1943359375 0.0390625 0.072265625
0 0.6708984375 0.248046875 0.0390625 0.072265625
6 0.7646484375 0.181640625 0.083984375 0.146484375
0 0.732421875 0.8046875 0.037109375 0.060546875
5 0.59375 0.84375 0.119140625 0.14453125
0 0.615234375 0.9375 0.029296875 0.052734375
0 0.6962890625 0.8349609375 0.033203125 0.056640625