0 0.662109375 0.0205078125 0.041015625 0.041015625
0 0.37109375 0.314453125 0.037109375 0.068359375
0 0.47265625 0.3359375 0.03515625 0.0703125
0 0.587890625 0.396484375 0.03515625 0.064453125
0 0.787109375 0.822265625 0.037109375 0.0625
0 0.369140625 0.837890625 0.033203125 0.060546875
0 0.4375 0.84375 0.029296875 0.05078125
0 0.7421875 0.2470703125 0.03515625 0.05859375
0 0.66796875 0.3740234375 0.0390625 0.068359375
0 0.798828125 0.0849609375 0.033203125 0.07421875
1 0.4013671875 0.7265625 0.025390625 0.0625
2 0.623046875 0.5751953125 0.185546875 0.30078125
2 0.7421875 0.498046875 0.208984375 0.2890625
2 0.802734375 0.337890625 0.109375 0.142578125
3 0.7197265625 0.33203125 0.134765625 0.087890625
4 0.654296875 0.162109375 0.18359375 0.3125
4 0.521484375 0.701171875 0.15625 0.306640625
5 0.681640625 0.380859375 0.095703125 0.244140625
5 0.771484375 0.2578125 0.12890625 0.154296875
6 0.826171875 0.193359375 0.095703125 0.140625