0 0.486328125 0.3193359375 0.033203125 0.056640625
0 0.48828125 0.3984375 0.033203125 0.0546875
0 0.4833984375 0.03515625 0.041015625 0.0703125
0 0.794921875 0.033203125 0.04296875 0.06640625
0 0.8388671875 0.029296875 0.04296875 0.05859375
0 0.7998046875 0.30859375 0.03515625 0.068359375
0 0.607421875 0.75390625 0.03125 0.056640625
0 0.369140625 0.8369140625 0.033203125 0.05859375
0 0.5615234375 0.8076171875 0.033203125 0.05859375
0 0.748046875 0.7421875 0.029296875 0.048828125
6 0.6474609375 0.830078125 0.072265625 0.125
2 0.4296875 0.1962890625 0.181640625 0.392578125
5 0.505859375 0.267578125 0.095703125 0.2421875
1 0.583984375 0.701171875 0.033203125 0.0625
5 0.63671875 0.6484375 0.1171875 0.1015625
3 0.60546875 0.6533203125 0.13671875 0.091796875
3 0.482421875 0.740234375 0.052734375 0.09375
2 0.4248046875 0.5078125 0.08203125 0.126953125
2 0.490234375 0.5791015625 0.154296875 0.28125
4 0.751953125 0.556640625 0.1328125 0.314453125
4 0.701171875 0.10546875 0.162109375 0.2109375