0 0.361328125 0.8408203125 0.025390625 0.046875
3 0.49609375 0.4375 0.060546875 0.125
2 0.4736328125 0.6298828125 0.1640625 0.30859375
4 0.5546875 0.6962890625 0.115234375 0.27734375
1 0.7216796875 0.841796875 0.03125 0.06640625
2 0.63671875 0.7958984375 0.150390625 0.251953125
0 0.5927734375 0.9287109375 0.03125 0.0546875
0 0.6533203125 0.6591796875 0.03515625 0.056640625
5 0.6953125 0.6875 0.130859375 0.154296875
0 0.7119140625 0.708984375 0.03515625 0.060546875
0 0.568359375 0.376953125 0.037109375 0.064453125
0 0.72265625 0.537109375 0.03515625 0.056640625
0 0.806640625 0.7041015625 0.041015625 0.06640625
0 0.693359375 0.3369140625 0.037109375 0.06640625
4 0.61328125 0.29296875 0.099609375 0.265625
0 0.453125 0.1435546875 0.03515625 0.06640625
0 0.734375 0.1416015625 0.03515625 0.060546875
0 0.76171875 0.2373046875 0.041015625 0.06640625
3 0.7509765625 0.2060546875 0.076171875 0.1328125
6 0.8154296875 0.3359375 0.091796875 0.140625
2 0.7626953125 0.3408203125 0.072265625 0.1640625
5 0.7578125 0.5986328125 0.123046875 0.109375