0 0.5400390625 0.9091796875 0.02734375 0.05859375
0 0.3671875 0.8544921875 0.02734375 0.046875
0 0.447265625 0.5087890625 0.03515625 0.056640625
0 0.5986328125 0.41015625 0.033203125 0.0625
0 0.654296875 0.4521484375 0.037109375 0.064453125
0 0.5654296875 0.41015625 0.033203125 0.06640625
0 0.765625 0.4990234375 0.033203125 0.060546875
0 0.8173828125 0.55078125 0.041015625 0.064453125
0 0.732421875 0.466796875 0.03125 0.056640625
0 0.6669921875 0.146484375 0.037109375 0.0625
0 0.705078125 0.1552734375 0.03125 0.05859375
6 0.7392578125 0.2216796875 0.08984375 0.142578125
4 0.56640625 0.25 0.15234375 0.2734375
3 0.5048828125 0.63671875 0.060546875 0.111328125
4 0.6640625 0.6708984375 0.18359375 0.20703125
5 0.779296875 0.400390625 0.099609375 0.177734375
5 0.755859375 0.4111328125 0.13671875 0.126953125
2 0.74609375 0.5390625 0.1875 0.353515625
2 0.6865234375 0.3349609375 0.08984375 0.130859375
1 0.7578125 0.9208984375 0.04296875 0.0546875
3 0.787109375 0.1630859375 0.09765625 0.0732421875