0 0.373046875 0.26171875 0.037109375 0.06640625
0 0.3828125 0.6748046875 0.033203125 0.0546875
0 0.4248046875 0.494140625 0.033203125 0.05859375
0 0.59765625 0.6328125 0.03125 0.0546875
0 0.6787109375 0.7255859375 0.03125 0.052734375
0 0.736328125 0.763671875 0.037109375 0.05859375
0 0.806640625 0.720703125 0.033203125 0.05078125
0 0.806640625 0.8095703125 0.03515625 0.05859375
0 0.7509765625 0.8505859375 0.033203125 0.0546875
0 0.607421875 0.6015625 0.033203125 0.052734375
2 0.4677734375 0.140625 0.220703125 0.28125
2 0.564453125 0.3173828125 0.18359375 0.330078125
5 0.4599609375 0.5283203125 0.123046875 0.166015625
3 0.46484375 0.5546875 0.05859375 0.19921875
2 0.478515625 0.666015625 0.064453125 0.1171875
4 0.54296875 0.62109375 0.126953125 0.259765625
4 0.751953125 0.482421875 0.15625 0.310546875
6 0.431640625 0.7548828125 0.06640625 0.12109375
0 0.369140625 0.8359375 0.03515625 0.05859375
5 0.4658203125 0.771484375 0.07421875 0.1796875