0 0.62890625 0.34375 0.037109375 0.0703125
0 0.525390625 0.484375 0.03515625 0.056640625
0 0.4296875 0.4296875 0.0390625 0.068359375
0 0.3984375 0.40234375 0.029296875 0.056640625
0 0.4541015625 0.703125 0.033203125 0.05859375
0 0.369140625 0.8359375 0.03515625 0.0625
0 0.6552734375 0.857421875 0.029296875 0.05078125
0 0.78125 0.8212890625 0.0390625 0.06640625
0 0.6328125 0.26171875 0.037109375 0.0703125
1 0.41015625 0.8232421875 0.029296875 0.056640625
2 0.662109375 0.501953125 0.16796875 0.29296875
2 0.6630859375 0.08203125 0.09375 0.1640625
2 0.7578125 0.2294921875 0.208984375 0.318359375
3 0.62890625 0.166015625 0.103515625 0.08984375
4 0.517578125 0.330078125 0.162109375 0.279296875
4 0.6181640625 0.6875 0.16796875 0.296875
5 0.443359375 0.19921875 0.052734375 0.109375
5 0.64453125 0.228515625 0.140625 0.19140625
6 0.3974609375 0.314453125 0.046875 0.138671875