0 0.3515625 0.41796875 0.03515625 0.0625
0 0.470703125 0.388671875 0.033203125 0.0625
0 0.56640625 0.0263671875 0.037109375 0.052734375
0 0.619140625 0.025390625 0.041015625 0.05078125
0 0.7197265625 0.05078125 0.037109375 0.068359375
0 0.615234375 0.396484375 0.03515625 0.060546875
0 0.658203125 0.322265625 0.03515625 0.0625
0 0.7890625 0.8212890625 0.03515625 0.056640625
0 0.4638671875 0.84375 0.025390625 0.044921875
0 0.369140625 0.8369140625 0.03125 0.056640625
6 0.79296875 0.1279296875 0.08984375 0.162109375
1 0.423828125 0.8203125 0.029296875 0.05859375
4 0.548828125 0.6943359375 0.15625 0.306640625
4 0.607421875 0.1923828125 0.1484375 0.322265625
5 0.7685546875 0.2080078125 0.140625 0.146484375
5 0.6806640625 0.3486328125 0.09765625 0.23046875
3 0.681640625 0.287109375 0.068359375 0.083984375
2 0.650390625 0.56640625 0.193359375 0.291015625
2 0.75390625 0.447265625 0.203125 0.263671875
2 0.814453125 0.265625 0.09765625 0.1484375