1 0.4462890625 0.1728515625 0.03515625 0.05859375
6 0.625 0.763671875 0.0703125 0.125
0 0.4267578125 0.9013671875 0.025390625 0.046875
0 0.5224609375 0.80078125 0.03125 0.056640625
0 0.5546875 0.7314453125 0.03125 0.0546875
0 0.61328125 0.814453125 0.02734375 0.037109375
0 0.43359375 0.642578125 0.03125 0.052734375
0 0.6787109375 0.66015625 0.037109375 0.056640625
0 0.66796875 0.7119140625 0.033203125 0.056640625
2 0.462890625 0.865234375 0.0703125 0.12890625
3 0.396484375 0.7294921875 0.07421875 0.0703125
5 0.45703125 0.63671875 0.099609375 0.123046875
2 0.470703125 0.38671875 0.169921875 0.294921875
2 0.4287109375 0.5517578125 0.15234375 0.240234375
4 0.685546875 0.5546875 0.15234375 0.197265625
0 0.6875 0.1494140625 0.041015625 0.072265625
0 0.724609375 0.3212890625 0.0390625 0.0625
0 0.8017578125 0.353515625 0.0390625 0.064453125
4 0.623046875 0.30078125 0.17578125 0.310546875
0 0.841796875 0.2626953125 0.044921875 0.0703125
3 0.798828125 0.263671875 0.056640625 0.109375
5 0.4541015625 0.75390625 0.09375 0.177734375