0 0.37890625 0.5625 0.033203125 0.056640625
0 0.3671875 0.8388671875 0.033203125 0.0625
0 0.673828125 0.7978515625 0.03125 0.05078125
0 0.81640625 0.685546875 0.04296875 0.064453125
0 0.501953125 0.60546875 0.03125 0.060546875
0 0.455078125 0.681640625 0.03125 0.05859375
0 0.4619140625 0.732421875 0.03125 0.056640625
0 0.541015625 0.50390625 0.033203125 0.060546875
0 0.4365234375 0.3310546875 0.037109375 0.06640625
0 0.7763671875 0.28125 0.04296875 0.072265625
0 0.8525390625 0.1611328125 0.046875 0.078125
1 0.4638671875 0.78515625 0.013671875 0.052734375
2 0.4189453125 0.189453125 0.1640625 0.37890625
2 0.5986328125 0.20703125 0.201171875 0.4140625
2 0.79296875 0.126953125 0.091796875 0.177734375
3 0.412109375 0.6953125 0.107421875 0.130859375
3 0.78515625 0.232421875 0.056640625 0.080078125
4 0.486328125 0.44921875 0.125 0.265625
4 0.59765625 0.58203125 0.119140625 0.3125
5 0.3828125 0.685546875 0.0625 0.17578125
5 0.52734375 0.5986328125 0.126953125 0.1640625
6 0.498046875 0.796875 0.0625 0.126953125