0 0.3603515625 0.8251953125 0.025390625 0.05078125
0 0.478515625 0.6689453125 0.029296875 0.056640625
0 0.376953125 0.3759765625 0.03515625 0.05859375
4 0.4541015625 0.287109375 0.095703125 0.25
3 0.4521484375 0.794921875 0.056640625 0.10546875
2 0.52734375 0.783203125 0.166015625 0.3203125
4 0.6015625 0.67578125 0.154296875 0.318359375
0 0.765625 0.8779296875 0.03515625 0.0625
2 0.71875 0.6337890625 0.1875 0.27734375
5 0.646484375 0.4091796875 0.091796875 0.19140625
0 0.5224609375 0.1396484375 0.03125 0.0625
0 0.591796875 0.158203125 0.033203125 0.06640625
0 0.642578125 0.150390625 0.037109375 0.068359375
3 0.7490234375 0.1826171875 0.080078125 0.142578125
0 0.7001953125 0.28515625 0.0390625 0.068359375
0 0.7490234375 0.3515625 0.03515625 0.0625
5 0.744140625 0.3251953125 0.068359375 0.21875
6 0.818359375 0.2998046875 0.09375 0.146484375
2 0.791015625 0.25390625 0.044921875 0.1171875
1 0.814453125 0.5576171875 0.033203125 0.06640625
0 0.8125 0.6171875 0.041015625 0.064453125
0 0.775390625 0.1845703125 0.0361328125 0.0615234375