0 0.3818359375 0.2763671875 0.037109375 0.06640625
0 0.609375 0.1396484375 0.03125 0.0625
0 0.6513671875 0.1875 0.037109375 0.068359375
0 0.7060546875 0.16015625 0.03515625 0.0703125
0 0.7734375 0.1982421875 0.041015625 0.0703125
0 0.4677734375 0.5625 0.033203125 0.060546875
0 0.7431640625 0.9013671875 0.03515625 0.064453125
0 0.361328125 0.826171875 0.02734375 0.046875
0 0.8095703125 0.6474609375 0.037109375 0.0703125
1 0.806640625 0.6044921875 0.03125 0.048828125
3 0.4287109375 0.708984375 0.064453125 0.115234375
4 0.5947265625 0.6787109375 0.140625 0.326171875
2 0.509765625 0.73046875 0.134765625 0.35546875
5 0.6669921875 0.44140625 0.08203125 0.2265625
2 0.7158203125 0.6943359375 0.181640625 0.279296875
4 0.4794921875 0.23828125 0.11328125 0.275390625
6 0.818359375 0.3056640625 0.09375 0.14453125
0 0.720703125 0.333984375 0.03515625 0.0625
0 0.751953125 0.3642578125 0.03515625 0.0625
5 0.7431640625 0.3427734375 0.072265625 0.216796875
3 0.7490234375 0.1953125 0.068359375 0.158203125
2 0.771484375 0.2607421875 0.080078125 0.1015625