0 0.3837890625 0.1474609375 0.03515625 0.068359375
0 0.41796875 0.2685546875 0.033203125 0.0625
0 0.4267578125 0.19140625 0.03125 0.060546875
0 0.595703125 0.025390625 0.0390625 0.05078125
0 0.611328125 0.1484375 0.033203125 0.068359375
0 0.8154296875 0.3046875 0.0390625 0.078125
0 0.7626953125 0.189453125 0.04296875 0.07421875
0 0.712890625 0.474609375 0.0390625 0.0625
0 0.71484375 0.544921875 0.037109375 0.060546875
0 0.6875 0.572265625 0.029296875 0.052734375
0 0.369140625 0.8369140625 0.03125 0.05859375
6 0.62890625 0.724609375 0.0703125 0.123046875
3 0.6376953125 0.560546875 0.044921875 0.103515625
3 0.595703125 0.326171875 0.07421875 0.12109375
1 0.58984375 0.31640625 0.037109375 0.068359375
5 0.6044921875 0.1884765625 0.076171875 0.2421875
5 0.42578125 0.259765625 0.060546875 0.25
2 0.48046875 0.658203125 0.06640625 0.134765625
2 0.4453125 0.466796875 0.1640625 0.33984375
2 0.5703125 0.470703125 0.18359375 0.29296875
4 0.75390625 0.66015625 0.189453125 0.283203125
4 0.6796875 0.2109375 0.12890625 0.291015625