0 0.8251953125 0.23046875 0.044921875 0.072265625
0 0.763671875 0.31640625 0.03515625 0.064453125
0 0.5859375 0.3916015625 0.0390625 0.064453125
0 0.7255859375 0.111328125 0.037109375 0.06640625
0 0.5146484375 0.23828125 0.033203125 0.0625
0 0.5546875 0.23828125 0.033203125 0.0625
0 0.4794921875 0.83203125 0.029296875 0.056640625
0 0.375 0.8359375 0.03515625 0.056640625
0 0.591796875 0.80078125 0.03515625 0.056640625
0 0.765625 0.7734375 0.03125 0.052734375
0 0.794921875 0.390625 0.0390625 0.033203125
1 0.529296875 0.79296875 0.03125 0.05078125
2 0.4287109375 0.474609375 0.080078125 0.130859375
2 0.498046875 0.609375 0.15234375 0.232421875
2 0.6025390625 0.1337890625 0.171875 0.267578125
3 0.3984375 0.56640625 0.0546875 0.095703125
3 0.564453125 0.7353515625 0.13671875 0.076171875
4 0.505859375 0.375 0.134765625 0.2265625
4 0.7734375 0.513671875 0.134765625 0.328125
5 0.5810546875 0.6943359375 0.1015625 0.13671875
5 0.5576171875 0.271484375 0.134765625 0.19140625
6 0.6552734375 0.83203125 0.0703125 0.125