0 0.697265625 0.158203125 0.037109375 0.072265625
0 0.828125 0.43359375 0.037109375 0.056640625
0 0.80078125 0.623046875 0.033203125 0.05078125
0 0.611328125 0.61328125 0.03515625 0.05859375
0 0.6767578125 0.41015625 0.0390625 0.068359375
0 0.654296875 0.306640625 0.03515625 0.064453125
0 0.498046875 0.61328125 0.03515625 0.0546875
0 0.48828125 0.666015625 0.033203125 0.048828125
0 0.3671875 0.5615234375 0.0390625 0.060546875
0 0.365234375 0.833984375 0.03515625 0.05859375
0 0.455078125 0.72265625 0.03125 0.052734375
1 0.443359375 0.794921875 0.03515625 0.046875
2 0.3916015625 0.4267578125 0.126953125 0.232421875
2 0.421875 0.3759765625 0.15234375 0.31640625
2 0.712890625 0.0693359375 0.1015625 0.138671875
3 0.5380859375 0.09765625 0.076171875 0.13671875
3 0.419921875 0.697265625 0.0703125 0.212890625
4 0.55859375 0.392578125 0.154296875 0.201171875
4 0.7265625 0.54296875 0.208984375 0.3046875
5 0.65625 0.400390625 0.11328125 0.251953125
5 0.4296875 0.6484375 0.09765625 0.12890625
6 0.49609375 0.78515625 0.06640625 0.1171875