0 0.578125 0.9306640625 0.025390625 0.048828125
0 0.6474609375 0.8681640625 0.03125 0.0546875
0 0.6865234375 0.8486328125 0.03515625 0.056640625
5 0.45703125 0.7578125 0.0703125 0.173828125
5 0.546875 0.8310546875 0.11328125 0.138671875
4 0.57421875 0.59375 0.140625 0.2578125
4 0.7080078125 0.4599609375 0.1484375 0.3046875
0 0.365234375 0.6728515625 0.033203125 0.056640625
0 0.3662109375 0.5751953125 0.03125 0.056640625
0 0.388671875 0.4951171875 0.03125 0.056640625
0 0.396484375 0.26171875 0.037109375 0.05859375
3 0.3837890625 0.474609375 0.056640625 0.208984375
0 0.3818359375 0.130859375 0.03125 0.05859375
1 0.5234375 0.2119140625 0.0390625 0.068359375
0 0.6826171875 0.236328125 0.0390625 0.068359375
0 0.6494140625 0.1611328125 0.041015625 0.072265625
6 0.7861328125 0.185546875 0.087890625 0.16015625
0 0.7265625 0.1982421875 0.03515625 0.064453125
2 0.4638671875 0.17578125 0.083984375 0.14453125
2 0.46484375 0.380859375 0.162109375 0.30859375
2 0.6201171875 0.345703125 0.203125 0.28125