0 0.6181640625 0.9345703125 0.029296875 0.05859375
0 0.6904296875 0.666015625 0.037109375 0.0625
0 0.6708984375 0.7421875 0.03515625 0.0625
0 0.697265625 0.7724609375 0.03515625 0.05859375
0 0.806640625 0.703125 0.041015625 0.064453125
0 0.6982421875 0.47265625 0.03515625 0.05859375
0 0.7333984375 0.4609375 0.033203125 0.05859375
0 0.7646484375 0.197265625 0.041015625 0.06640625
0 0.8037109375 0.1474609375 0.037109375 0.0625
4 0.6787109375 0.3056640625 0.15625 0.2265625
3 0.54296875 0.5107421875 0.029296875 0.068359375
6 0.8154296875 0.375 0.091796875 0.14453125
2 0.775390625 0.43359375 0.0859375 0.138671875
3 0.8193359375 0.244140625 0.080078125 0.138671875
4 0.5927734375 0.69140625 0.1015625 0.287109375
0 0.36328125 0.8291015625 0.02734375 0.048828125
1 0.7373046875 0.9091796875 0.03125 0.0625
2 0.568359375 0.8095703125 0.171875 0.185546875
2 0.6572265625 0.8046875 0.146484375 0.3203125
5 0.771484375 0.6572265625 0.109375 0.1435546875
5 0.71875 0.6923828125 0.1220703125 0.1337890625