4 0.498046875 0.271484375 0.16015625 0.314453125
0 0.48046875 0.49609375 0.033203125 0.056640625
0 0.388671875 0.6083984375 0.033203125 0.05859375
0 0.369140625 0.8369140625 0.033203125 0.05859375
0 0.544921875 0.845703125 0.025390625 0.046875
1 0.4111328125 0.826171875 0.03125 0.0546875
0 0.78125 0.8134765625 0.03515625 0.05859375
6 0.587890625 0.064453125 0.083984375 0.12890625
5 0.6376953125 0.138671875 0.06640625 0.171875
3 0.6865234375 0.1953125 0.091796875 0.13671875
0 0.666015625 0.28515625 0.0390625 0.0703125
0 0.630859375 0.3984375 0.03125 0.056640625
2 0.755859375 0.083984375 0.10546875 0.12109375
2 0.671875 0.529296875 0.193359375 0.310546875
2 0.748046875 0.3037109375 0.220703125 0.330078125
4 0.587890625 0.6904296875 0.162109375 0.302734375
5 0.66796875 0.2978515625 0.119140625 0.212890625
3 0.478515625 0.060546875 0.0556640625 0.0458984375