4 0.453125 0.4013671875 0.16015625 0.25
4 0.6572265625 0.671875 0.169921875 0.255859375
2 0.5869140625 0.123046875 0.232421875 0.24609375
2 0.658203125 0.3955078125 0.20703125 0.373046875
0 0.37890625 0.068359375 0.0390625 0.080078125
0 0.376953125 0.318359375 0.037109375 0.064453125
0 0.49609375 0.1591796875 0.0390625 0.07421875
0 0.560546875 0.3935546875 0.033203125 0.060546875
0 0.5302734375 0.47265625 0.03515625 0.0625
0 0.4609375 0.611328125 0.029296875 0.052734375
0 0.513671875 0.6630859375 0.033203125 0.060546875
0 0.625 0.837890625 0.03125 0.05859375
0 0.7724609375 0.822265625 0.029296875 0.048828125
0 0.80078125 0.8125 0.033203125 0.056640625
0 0.3681640625 0.8369140625 0.033203125 0.05859375
1 0.40234375 0.8232421875 0.029296875 0.0546875
6 0.38671875 0.556640625 0.072265625 0.123046875
2 0.4091796875 0.2978515625 0.07421875 0.12890625
3 0.474609375 0.240234375 0.140625 0.091796875
5 0.482421875 0.212890625 0.09765625 0.263671875
5 0.400390625 0.5234375 0.107421875 0.126953125