6 0.5830078125 0.796875 0.0703125 0.125
0 0.630859375 0.7685546875 0.033203125 0.056640625
0 0.62109375 0.712890625 0.03515625 0.05859375
0 0.5126953125 0.71875 0.03125 0.056640625
0 0.48046875 0.7880859375 0.033203125 0.0546875
0 0.7412109375 0.4150390625 0.037109375 0.0625
0 0.8115234375 0.4365234375 0.0390625 0.064453125
0 0.419921875 0.59375 0.03125 0.052734375
0 0.4228515625 0.900390625 0.025390625 0.05078125
5 0.4365234375 0.7509765625 0.080078125 0.19140625
3 0.38671875 0.640625 0.06640625 0.107421875
2 0.439453125 0.47265625 0.140625 0.33203125
2 0.4970703125 0.36328125 0.15625 0.359375
1 0.4990234375 0.1474609375 0.037109375 0.05859375
0 0.7470703125 0.1826171875 0.041015625 0.076171875
0 0.8408203125 0.2685546875 0.044921875 0.076171875
3 0.8056640625 0.3125 0.06640625 0.123046875
5 0.423828125 0.6015625 0.064453125 0.18359375
2 0.458984375 0.865234375 0.0703125 0.12890625
4 0.6298828125 0.306640625 0.173828125 0.30859375
4 0.6455078125 0.6083984375 0.154296875 0.23828125
0 0.5595703125 0.8291015625 0.029296875 0.048828125