0 0.341796875 0.439453125 0.025390625 0.0625
0 0.4453125 0.48828125 0.033203125 0.0625
0 0.37890625 0.61328125 0.03515625 0.056640625
0 0.486328125 0.564453125 0.029296875 0.05078125
0 0.4267578125 0.677734375 0.03125 0.0546875
0 0.369140625 0.8359375 0.03515625 0.068359375
0 0.544921875 0.798828125 0.029296875 0.05078125
0 0.8076171875 0.7421875 0.037109375 0.064453125
0 0.826171875 0.220703125 0.04296875 0.07421875
0 0.8359375 0.01953125 0.046875 0.0390625
0 0.52734375 0.306640625 0.03515625 0.068359375
2 0.634765625 0.291015625 0.162109375 0.443359375
2 0.537109375 0.169921875 0.18359375 0.33984375
2 0.775390625 0.068359375 0.103515625 0.13671875
3 0.818359375 0.1611328125 0.064453125 0.13671875
3 0.388671875 0.5712890625 0.0859375 0.076171875
4 0.51953125 0.404296875 0.15625 0.220703125
4 0.591796875 0.638671875 0.119140625 0.30859375
5 0.37109375 0.669921875 0.05859375 0.18359375
5 0.46484375 0.54296875 0.08984375 0.22265625
6 0.4599609375 0.732421875 0.068359375 0.11328125