1 0.47265625 0.16015625 0.03515625 0.05859375
6 0.6142578125 0.7890625 0.0703125 0.125
0 0.4296875 0.90234375 0.025390625 0.046875
0 0.5087890625 0.796875 0.03125 0.056640625
0 0.5419921875 0.7294921875 0.03125 0.0546875
0 0.5966796875 0.8330078125 0.02734375 0.037109375
0 0.4296875 0.6201171875 0.03125 0.052734375
0 0.65625 0.6845703125 0.037109375 0.056640625
0 0.65625 0.7373046875 0.033203125 0.056640625
2 0.462890625 0.865234375 0.0703125 0.12890625
3 0.3916015625 0.6904296875 0.072265625 0.080078125
5 0.4443359375 0.6044921875 0.08984375 0.150390625
2 0.4873046875 0.3701171875 0.162109375 0.328125
2 0.4306640625 0.5400390625 0.146484375 0.240234375
4 0.6728515625 0.58984375 0.146484375 0.1796875
0 0.7236328125 0.150390625 0.041015625 0.072265625
0 0.736328125 0.37109375 0.037109375 0.05859375
0 0.80859375 0.3994140625 0.0390625 0.064453125
4 0.6298828125 0.3056640625 0.17578125 0.310546875
0 0.841796875 0.2646484375 0.044921875 0.0703125
3 0.8017578125 0.2958984375 0.056640625 0.109375
5 0.44921875 0.7529296875 0.087890625 0.17578125