0 0.703125 0.22265625 0.041015625 0.07421875
0 0.8125 0.28125 0.04296875 0.072265625
0 0.7626953125 0.7001953125 0.033203125 0.0546875
0 0.822265625 0.59375 0.0390625 0.05859375
0 0.369140625 0.8359375 0.033203125 0.056640625
0 0.458984375 0.6845703125 0.03125 0.056640625
0 0.53125 0.62890625 0.03515625 0.060546875
0 0.51953125 0.71484375 0.033203125 0.060546875
0 0.552734375 0.7333984375 0.029296875 0.05078125
0 0.51953125 0.48828125 0.033203125 0.060546875
0 0.40234375 0.40625 0.033203125 0.0625
1 0.490234375 0.826171875 0.0234375 0.060546875
2 0.39453125 0.263671875 0.154296875 0.361328125
2 0.546875 0.208984375 0.181640625 0.41796875
2 0.78125 0.1552734375 0.095703125 0.1171875
3 0.4404296875 0.748046875 0.076171875 0.16796875
3 0.71484375 0.166015625 0.080078125 0.13671875
4 0.458984375 0.4814453125 0.099609375 0.232421875
4 0.599609375 0.5751953125 0.13671875 0.33203125
5 0.4140625 0.697265625 0.068359375 0.16015625
5 0.533203125 0.607421875 0.12109375 0.1640625
6 0.541015625 0.82421875 0.068359375 0.115234375