0 0.7294921875 0.044921875 0.04296875 0.076171875
0 0.58984375 0.2802734375 0.03515625 0.064453125
0 0.658203125 0.279296875 0.037109375 0.064453125
0 0.845703125 0.15625 0.04296875 0.076171875
0 0.53515625 0.474609375 0.0390625 0.056640625
0 0.447265625 0.41015625 0.037109375 0.0625
0 0.37890625 0.29296875 0.017578125 0.044921875
0 0.794921875 0.810546875 0.033203125 0.0625
0 0.37109375 0.8359375 0.03125 0.05078125
0 0.4384765625 0.833984375 0.03515625 0.064453125
1 0.4013671875 0.66796875 0.0390625 0.056640625
2 0.658203125 0.548828125 0.208984375 0.294921875
2 0.7578125 0.447265625 0.1796875 0.314453125
2 0.798828125 0.23828125 0.111328125 0.158203125
4 0.5009765625 0.1640625 0.154296875 0.328125
4 0.544921875 0.70703125 0.158203125 0.2890625
3 0.6689453125 0.2236328125 0.1494140625 0.107421875
5 0.6220703125 0.19140625 0.12890625 0.134765625
5 0.611328125 0.23046875 0.1484375 0.205078125
6 0.412109375 0.337890625 0.076171875 0.134765625
3 0.814453125 0.1357421875 0.1064453125 0.103515625