4 0.634765625 0.71875 0.142578125 0.27734375
0 0.4375 0.75 0.033203125 0.05859375
0 0.3955078125 0.8076171875 0.033203125 0.05859375
0 0.3720703125 0.5849609375 0.03125 0.052734375
0 0.4326171875 0.4140625 0.037109375 0.0625
1 0.431640625 0.5556640625 0.037109375 0.056640625
2 0.4140625 0.673828125 0.076171875 0.13671875
2 0.5322265625 0.720703125 0.13671875 0.330078125
3 0.4453125 0.814453125 0.06640625 0.15625
0 0.423828125 0.830078125 0.03125 0.056640625
0 0.5927734375 0.904296875 0.03125 0.064453125
0 0.7978515625 0.67578125 0.033203125 0.052734375
5 0.7666015625 0.4091796875 0.130859375 0.154296875
0 0.7060546875 0.208984375 0.037109375 0.068359375
0 0.7509765625 0.2392578125 0.0390625 0.06640625
0 0.4345703125 0.2509765625 0.03515625 0.064453125
0 0.513671875 0.18359375 0.033203125 0.0625
6 0.5615234375 0.181640625 0.078125 0.14453125
3 0.54296875 0.255859375 0.041015625 0.064453125
2 0.5009765625 0.3896484375 0.154296875 0.33203125
4 0.6005859375 0.400390625 0.154296875 0.35546875
5 0.751953125 0.7646484375 0.087890625 0.171875