0 0.3701171875 0.1328125 0.037109375 0.0703125
0 0.42578125 0.2529296875 0.037109375 0.064453125
0 0.359375 0.478515625 0.03515625 0.056640625
0 0.53125 0.560546875 0.03125 0.05859375
0 0.5615234375 0.447265625 0.03515625 0.056640625
0 0.5546875 0.689453125 0.029296875 0.052734375
0 0.626953125 0.7578125 0.033203125 0.056640625
0 0.369140625 0.833984375 0.033203125 0.0546875
2 0.521484375 0.1328125 0.22265625 0.265625
2 0.6416015625 0.361328125 0.23828125 0.30859375
5 0.4501953125 0.30078125 0.099609375 0.20703125
3 0.4501953125 0.3671875 0.1171875 0.126953125
4 0.4765625 0.5048828125 0.123046875 0.26171875
4 0.701171875 0.615234375 0.203125 0.1953125
6 0.41015625 0.6640625 0.0703125 0.11328125
5 0.439453125 0.6591796875 0.095703125 0.1328125
2 0.4091796875 0.4560546875 0.0703125 0.1328125
1 0.419921875 0.8193359375 0.03515625 0.056640625
0 0.7109375 0.8564453125 0.033203125 0.05859375
0 0.791015625 0.78515625 0.03125 0.048828125
0 0.806640625 0.8203125 0.033203125 0.052734375