0 0.3955078125 0.8994140625 0.025390625 0.05078125
0 0.3759765625 0.5791015625 0.033203125 0.056640625
0 0.4423828125 0.5 0.03125 0.056640625
0 0.478515625 0.6279296875 0.03125 0.056640625
0 0.5634765625 0.76953125 0.029296875 0.056640625
0 0.626953125 0.8955078125 0.033203125 0.060546875
0 0.7158203125 0.6875 0.03515625 0.05859375
0 0.7138671875 0.5615234375 0.03515625 0.05859375
4 0.5322265625 0.5771484375 0.130859375 0.162109375
6 0.4326171875 0.6728515625 0.068359375 0.119140625
2 0.3955078125 0.7255859375 0.078125 0.1171875
0 0.40234375 0.6533203125 0.02734375 0.05078125
5 0.3974609375 0.4130859375 0.09375 0.205078125
0 0.453125 0.337890625 0.033203125 0.064453125
3 0.431640625 0.23828125 0.05859375 0.16796875
2 0.5224609375 0.3017578125 0.181640625 0.31640625
2 0.580078125 0.3330078125 0.134765625 0.349609375
4 0.7001953125 0.353515625 0.181640625 0.341796875
3 0.7900390625 0.556640625 0.064453125 0.12109375
1 0.7158203125 0.23046875 0.041015625 0.0546875
0 0.8388671875 0.275390625 0.044921875 0.076171875
5 0.455078125 0.3359375 0.103515625 0.125