1 0.4404296875 0.12109375 0.0390625 0.068359375
3 0.4287109375 0.236328125 0.05859375 0.1171875
3 0.361328125 0.3388671875 0.0625 0.142578125
5 0.3994140625 0.341796875 0.107421875 0.2421875
0 0.369140625 0.630859375 0.033203125 0.068359375
0 0.4033203125 0.62109375 0.037109375 0.0703125
0 0.6337890625 0.6591796875 0.02734375 0.05859375
0 0.509765625 0.2119140625 0.0390625 0.072265625
0 0.84375 0.1884765625 0.041015625 0.076171875
0 0.8154296875 0.6787109375 0.0390625 0.0625
0 0.806640625 0.7275390625 0.041015625 0.060546875
6 0.6923828125 0.7119140625 0.076171875 0.1328125
4 0.54296875 0.6708984375 0.166015625 0.177734375
2 0.572265625 0.1845703125 0.087890625 0.171875
2 0.51953125 0.4150390625 0.14453125 0.337890625
2 0.671875 0.4443359375 0.197265625 0.271484375
5 0.76953125 0.6318359375 0.08203125 0.18359375
0 0.4736328125 0.3369140625 0.037109375 0.06640625
0 0.4970703125 0.396484375 0.041015625 0.068359375
0 0.560546875 0.482421875 0.03515625 0.072265625
4 0.69921875 0.1904296875 0.189453125 0.33984375
0 0.3681640625 0.7060546875 0.0322265625 0.0498046875