0 0.38671875 0.302734375 0.03515625 0.08203125
0 0.353515625 0.08203125 0.048828125 0.09375
0 0.5205078125 0.3193359375 0.0390625 0.06640625
0 0.6494140625 0.7626953125 0.046875 0.068359375
0 0.8056640625 0.708984375 0.044921875 0.0625
0 0.8125 0.646484375 0.0390625 0.068359375
0 0.765625 0.5439453125 0.044921875 0.060546875
1 0.7685546875 0.6328125 0.048828125 0.068359375
4 0.466796875 0.51171875 0.1015625 0.30078125
4 0.57421875 0.462890625 0.10546875 0.251953125
0 0.61328125 0.3369140625 0.044921875 0.083984375
2 0.5849609375 0.162109375 0.193359375 0.30859375
2 0.7666015625 0.3125 0.205078125 0.296875
3 0.7314453125 0.15234375 0.080078125 0.125
5 0.6943359375 0.2314453125 0.109375 0.142578125
0 0.7724609375 0.3310546875 0.05078125 0.078125
0 0.8017578125 0.2392578125 0.05859375 0.087890625
3 0.6787109375 0.6123046875 0.078125 0.095703125
2 0.669921875 0.5068359375 0.09375 0.13671875
0 0.365234375 0.7041015625 0.0341796875 0.0517578125
6 0.4931640625 0.7392578125 0.0693359375 0.119140625
5 0.51953125 0.6962890625 0.1044921875 0.1318359375