4 0.4521484375 0.158203125 0.205078125 0.310546875
2 0.61328125 0.3955078125 0.181640625 0.263671875
2 0.494140625 0.5439453125 0.126953125 0.306640625
2 0.650390625 0.1103515625 0.1015625 0.193359375
5 0.6396484375 0.525390625 0.08203125 0.203125
3 0.5810546875 0.59765625 0.095703125 0.14453125
3 0.6025390625 0.197265625 0.07421875 0.140625
5 0.3603515625 0.3037109375 0.068359375 0.232421875
4 0.7216796875 0.623046875 0.126953125 0.25
6 0.412109375 0.7333984375 0.07421875 0.125
1 0.3857421875 0.39453125 0.04296875 0.080078125
0 0.3984375 0.3466796875 0.041015625 0.072265625
0 0.447265625 0.3681640625 0.0390625 0.0703125
0 0.55078125 0.400390625 0.04296875 0.07421875
0 0.583984375 0.400390625 0.041015625 0.078125
0 0.755859375 0.0263671875 0.04296875 0.052734375
0 0.58984375 0.697265625 0.046875 0.080078125
0 0.65625 0.748046875 0.041015625 0.0625
0 0.75390625 0.767578125 0.044921875 0.07421875
0 0.7890625 0.75 0.0390625 0.07421875
0 0.369140625 0.7119140625 0.033203125 0.048828125