2 0.408203125 0.099609375 0.189453125 0.19921875
4 0.4873046875 0.3916015625 0.197265625 0.224609375
4 0.607421875 0.6044921875 0.162109375 0.259765625
2 0.50390625 0.5751953125 0.11328125 0.220703125
2 0.57421875 0.72265625 0.080078125 0.1328125
3 0.6201171875 0.3798828125 0.056640625 0.154296875
5 0.599609375 0.3349609375 0.10546875 0.19921875
5 0.451171875 0.6484375 0.083984375 0.18359375
6 0.4521484375 0.271484375 0.083984375 0.15625
3 0.66015625 0.0703125 0.080078125 0.140625
0 0.7373046875 0.6689453125 0.041015625 0.0703125
0 0.4482421875 0.568359375 0.044921875 0.0625
0 0.3701171875 0.48828125 0.04296875 0.06640625
0 0.39453125 0.23046875 0.048828125 0.07421875
0 0.4189453125 0.1826171875 0.046875 0.078125
0 0.81640625 0.5927734375 0.046875 0.068359375
0 0.791015625 0.70703125 0.041015625 0.060546875
1 0.7548828125 0.7802734375 0.0390625 0.078125
0 0.3671875 0.69140625 0.03125 0.0498046875