3 0.634765625 0.255859375 0.115234375 0.111328125
3 0.54296875 0.0986328125 0.064453125 0.154296875
6 0.41015625 0.306640625 0.083984375 0.154296875
2 0.4111328125 0.119140625 0.193359375 0.23828125
0 0.4072265625 0.1767578125 0.0390625 0.080078125
0 0.3701171875 0.171875 0.041015625 0.072265625
0 0.8076171875 0.658203125 0.0390625 0.056640625
0 0.798828125 0.6064453125 0.0390625 0.060546875
0 0.818359375 0.5615234375 0.044921875 0.0703125
4 0.7041015625 0.5439453125 0.1640625 0.22265625
2 0.66796875 0.7119140625 0.091796875 0.138671875
1 0.7568359375 0.69921875 0.05078125 0.06640625
2 0.537109375 0.619140625 0.125 0.28515625
5 0.5712890625 0.52734375 0.15625 0.189453125
4 0.43359375 0.583984375 0.111328125 0.279296875
0 0.4716796875 0.6494140625 0.0390625 0.07421875
0 0.3837890625 0.5654296875 0.033203125 0.0625
0 0.369140625 0.705078125 0.029296875 0.0517578125
5 0.490234375 0.697265625 0.1025390625 0.115234375