2 0.49609375 0.345703125 0.19140625 0.263671875
2 0.658203125 0.4658203125 0.169921875 0.32421875
2 0.798828125 0.0615234375 0.109375 0.123046875
5 0.583984375 0.5302734375 0.115234375 0.138671875
5 0.34375 0.10546875 0.06640625 0.2109375
3 0.5244140625 0.486328125 0.1015625 0.109375
4 0.580078125 0.6611328125 0.154296875 0.24609375
0 0.4404296875 0.52734375 0.044921875 0.07421875
0 0.388671875 0.2138671875 0.041015625 0.07421875
0 0.646484375 0.3681640625 0.04296875 0.078125
0 0.662109375 0.4228515625 0.046875 0.076171875
0 0.44140625 0.671875 0.03125 0.0625
0 0.7001953125 0.7607421875 0.04296875 0.072265625
0 0.728515625 0.7333984375 0.041015625 0.072265625
0 0.841796875 0.1455078125 0.05078125 0.087890625
3 0.71875 0.0986328125 0.08203125 0.150390625
4 0.4833984375 0.123046875 0.1953125 0.24609375
6 0.416015625 0.732421875 0.072265625 0.123046875
0 0.55078125 0.259765625 0.02734375 0.056640625
0 0.3671875 0.693359375 0.0302734375 0.046875