4 0.4736328125 0.130859375 0.201171875 0.26171875
4 0.6259765625 0.673828125 0.15234375 0.251953125
2 0.5 0.388671875 0.169921875 0.25
2 0.6494140625 0.4208984375 0.138671875 0.31640625
2 0.748046875 0.0712890625 0.09375 0.142578125
5 0.3447265625 0.162109375 0.07421875 0.259765625
5 0.6025390625 0.54296875 0.09375 0.19140625
3 0.5302734375 0.5400390625 0.10546875 0.10546875
3 0.68359375 0.1318359375 0.087890625 0.146484375
6 0.4140625 0.734375 0.068359375 0.12109375
0 0.521484375 0.2802734375 0.03125 0.07421875
0 0.3984375 0.2666015625 0.04296875 0.07421875
0 0.470703125 0.6142578125 0.0390625 0.072265625
0 0.494140625 0.7255859375 0.03515625 0.0703125
0 0.607421875 0.3505859375 0.04296875 0.080078125
0 0.634765625 0.3935546875 0.048828125 0.078125
0 0.734375 0.7763671875 0.04296875 0.06640625
0 0.7578125 0.734375 0.044921875 0.07421875
0 0.8037109375 0.0673828125 0.0546875 0.08984375
0 0.3662109375 0.693359375 0.0302734375 0.046875
1 0.36328125 0.2265625 0.0458984375 0.0390625