2 0.44140625 0.2001953125 0.19921875 0.279296875
2 0.37109375 0.3544921875 0.087890625 0.142578125
2 0.6875 0.234375 0.18359375 0.326171875
4 0.7099609375 0.5166015625 0.14453125 0.357421875
4 0.4453125 0.4150390625 0.142578125 0.28125
3 0.61328125 0.552734375 0.064453125 0.15234375
3 0.52734375 0.5048828125 0.060546875 0.119140625
5 0.5625 0.5048828125 0.1171875 0.201171875
6 0.822265625 0.390625 0.095703125 0.16015625
0 0.4384765625 0.6064453125 0.03515625 0.0703125
0 0.6748046875 0.75390625 0.041015625 0.072265625
0 0.65625 0.5634765625 0.037109375 0.0625
0 0.8095703125 0.6806640625 0.046875 0.07421875
0 0.8486328125 0.0419921875 0.0546875 0.083984375
0 0.6767578125 0.1142578125 0.05078125 0.091796875
0 0.6689453125 0.296875 0.04296875 0.080078125
0 0.708984375 0.28125 0.046875 0.09375
0 0.5146484375 0.248046875 0.0390625 0.07421875
1 0.453125 0.703125 0.03515625 0.068359375
5 0.62890625 0.0478515625 0.03125 0.095703125
0 0.3681640625 0.697265625 0.0283203125 0.0498046875