2 0.4716796875 0.1611328125 0.181640625 0.322265625
2 0.3701171875 0.2890625 0.0859375 0.1484375
2 0.6904296875 0.30859375 0.19140625 0.291015625
4 0.4375 0.3671875 0.14453125 0.291015625
4 0.693359375 0.5703125 0.13671875 0.326171875
3 0.5986328125 0.599609375 0.068359375 0.130859375
3 0.5263671875 0.490234375 0.060546875 0.1328125
5 0.751953125 0.05078125 0.138671875 0.1015625
5 0.5625 0.50390625 0.134765625 0.1796875
6 0.8037109375 0.4638671875 0.09765625 0.15625
0 0.6279296875 0.6572265625 0.041015625 0.068359375
0 0.50390625 0.2734375 0.041015625 0.07421875
0 0.4267578125 0.5478515625 0.03515625 0.068359375
0 0.6435546875 0.76171875 0.041015625 0.07421875
0 0.8056640625 0.703125 0.044921875 0.080078125
0 0.7109375 0.119140625 0.048828125 0.091796875
0 0.8525390625 0.1005859375 0.052734375 0.09375
0 0.67578125 0.3603515625 0.04296875 0.0859375
0 0.712890625 0.349609375 0.041015625 0.0859375
1 0.4140625 0.6865234375 0.04296875 0.078125
0 0.3671875 0.6953125 0.0283203125 0.046875