2 0.3984375 0.2109375 0.1640625 0.39453125
4 0.56640625 0.1376953125 0.189453125 0.275390625
0 0.3798828125 0.28515625 0.037109375 0.07421875
0 0.341796875 0.28125 0.041015625 0.07421875
0 0.83203125 0.447265625 0.046875 0.072265625
0 0.8271484375 0.509765625 0.04296875 0.0546875
0 0.8203125 0.5634765625 0.048828125 0.05859375
5 0.75 0.30078125 0.12890625 0.25
1 0.830078125 0.26953125 0.044921875 0.09765625
3 0.7138671875 0.482421875 0.08203125 0.1328125
4 0.4375 0.6259765625 0.126953125 0.263671875
0 0.4072265625 0.5947265625 0.03515625 0.072265625
6 0.50390625 0.51953125 0.072265625 0.13671875
5 0.509765625 0.67578125 0.109375 0.109375
2 0.640625 0.654296875 0.154296875 0.2421875
2 0.69921875 0.748046875 0.078125 0.126953125
3 0.626953125 0.51953125 0.05859375 0.119140625
0 0.59375 0.5751953125 0.041015625 0.078125
0 0.3671875 0.7001953125 0.025390625 0.0478515625