0 0.38671875 0.2470703125 0.044921875 0.080078125
0 0.37890625 0.5859375 0.033203125 0.05859375
0 0.763671875 0.6708984375 0.037109375 0.056640625
0 0.7998046875 0.7080078125 0.041015625 0.064453125
0 0.8154296875 0.6064453125 0.041015625 0.068359375
1 0.7578125 0.7841796875 0.037109375 0.068359375
2 0.5234375 0.61328125 0.107421875 0.26171875
4 0.427734375 0.6064453125 0.087890625 0.24609375
0 0.4697265625 0.6572265625 0.03515625 0.068359375
3 0.59765625 0.0986328125 0.072265625 0.150390625
3 0.6435546875 0.478515625 0.087890625 0.095703125
5 0.53125 0.482421875 0.125 0.169921875
2 0.6298828125 0.744140625 0.078125 0.12109375
4 0.6484375 0.62109375 0.1484375 0.197265625
0 0.3671875 0.71484375 0.033203125 0.0537109375
2 0.37109375 0.107421875 0.1142578125 0.2080078125
5 0.505859375 0.73046875 0.09375 0.0771484375
0 0.8115234375 0.015625 0.0615234375 0.0302734375