5 0.404296875 0.0673828125 0.125 0.1328125
3 0.392578125 0.02734375 0.0625 0.0546875
0 0.3515625 0.357421875 0.0390625 0.0703125
0 0.3720703125 0.5927734375 0.037109375 0.0546875
0 0.6005859375 0.607421875 0.03125 0.05859375
0 0.7646484375 0.708984375 0.037109375 0.060546875
0 0.810546875 0.6943359375 0.04296875 0.06640625
0 0.8046875 0.7509765625 0.041015625 0.056640625
0 0.6669921875 0.1240234375 0.04296875 0.0703125
3 0.7841796875 0.0546875 0.05859375 0.109375
1 0.85546875 0.1455078125 0.05078125 0.091796875
2 0.5283203125 0.146484375 0.173828125 0.287109375
2 0.576171875 0.41796875 0.154296875 0.2890625
2 0.6767578125 0.2314453125 0.095703125 0.166015625
0 0.505859375 0.3056640625 0.0390625 0.0703125
0 0.5341796875 0.13671875 0.048828125 0.07421875
0 0.5537109375 0.0712890625 0.044921875 0.076171875
4 0.50390625 0.615234375 0.15234375 0.24609375
6 0.607421875 0.748046875 0.068359375 0.1171875
5 0.642578125 0.689453125 0.08984375 0.142578125
4 0.724609375 0.56640625 0.162109375 0.203125
0 0.3662109375 0.7041015625 0.0322265625 0.044921875