4 0.4521484375 0.4248046875 0.15234375 0.30078125
4 0.5732421875 0.2958984375 0.115234375 0.3046875
2 0.6865234375 0.48828125 0.17578125 0.26171875
2 0.580078125 0.5205078125 0.076171875 0.142578125
2 0.7626953125 0.1201171875 0.189453125 0.240234375
5 0.6728515625 0.3583984375 0.0859375 0.21484375
3 0.7060546875 0.2958984375 0.060546875 0.212890625
5 0.44921875 0.630859375 0.099609375 0.154296875
3 0.5498046875 0.607421875 0.056640625 0.111328125
1 0.6552734375 0.7353515625 0.046875 0.0546875
6 0.4462890625 0.732421875 0.076171875 0.123046875
0 0.5380859375 0.7451171875 0.0390625 0.07421875
0 0.6474609375 0.6923828125 0.0390625 0.0625
0 0.576171875 0.0673828125 0.04296875 0.08984375
0 0.630859375 0.2021484375 0.044921875 0.09375
0 0.3935546875 0.10546875 0.046875 0.08984375
0 0.349609375 0.0185546875 0.04296875 0.037109375
0 0.736328125 0.5087890625 0.04296875 0.078125
0 0.69921875 0.5146484375 0.044921875 0.0859375
0 0.8037109375 0.740234375 0.044921875 0.072265625
0 0.810546875 0.669921875 0.048828125 0.080078125
0 0.3662109375 0.701171875 0.03515625 0.056640625