3 0.3515625 0.2216796875 0.0703125 0.16015625
3 0.4365234375 0.12890625 0.07421875 0.12890625
5 0.3916015625 0.240234375 0.1171875 0.244140625
0 0.521484375 0.16796875 0.041015625 0.078125
0 0.3681640625 0.61328125 0.0390625 0.0625
0 0.384765625 0.5517578125 0.0390625 0.06640625
0 0.6259765625 0.6435546875 0.03515625 0.060546875
4 0.5341796875 0.646484375 0.16796875 0.189453125
6 0.673828125 0.7255859375 0.07421875 0.138671875
0 0.8037109375 0.7431640625 0.037109375 0.05859375
0 0.8095703125 0.6865234375 0.0390625 0.0625
5 0.74609375 0.654296875 0.09375 0.15625
2 0.509765625 0.3583984375 0.14453125 0.359375
2 0.662109375 0.4189453125 0.177734375 0.263671875
2 0.5947265625 0.1875 0.08984375 0.19140625
4 0.7421875 0.2470703125 0.181640625 0.2265625
0 0.8447265625 0.3603515625 0.044921875 0.07421875
0 0.4853515625 0.3212890625 0.041015625 0.0625
0 0.4716796875 0.2578125 0.0390625 0.0703125
0 0.5419921875 0.4375 0.033203125 0.068359375
0 0.3681640625 0.701171875 0.03125 0.0419921875
1 0.490234375 0.005859375 0.05078125 0.01171875