2 0.8349609375 0.0947265625 0.111328125 0.189453125
3 0.7490234375 0.0927734375 0.083984375 0.15234375
0 0.8427734375 0.2958984375 0.0546875 0.0859375
0 0.3857421875 0.16015625 0.044921875 0.0703125
0 0.435546875 0.451171875 0.0390625 0.06640625
0 0.4111328125 0.599609375 0.029296875 0.046875
0 0.6533203125 0.755859375 0.037109375 0.056640625
0 0.6884765625 0.744140625 0.03515625 0.06640625
4 0.537109375 0.6513671875 0.1484375 0.189453125
6 0.4130859375 0.7294921875 0.068359375 0.12109375
3 0.5263671875 0.4638671875 0.095703125 0.111328125
1 0.36328125 0.0830078125 0.044921875 0.068359375
4 0.4931640625 0.11328125 0.197265625 0.2265625
2 0.5283203125 0.326171875 0.201171875 0.234375
2 0.654296875 0.5224609375 0.16015625 0.30078125
0 0.6708984375 0.4833984375 0.041015625 0.064453125
0 0.66796875 0.4150390625 0.046875 0.0703125
5 0.572265625 0.5244140625 0.126953125 0.1015625
5 0.3681640625 0.0673828125 0.048828125 0.134765625
0 0.3642578125 0.701171875 0.037109375 0.0498046875