0 0.4267578125 0.3876953125 0.041015625 0.068359375
0 0.525390625 0.7255859375 0.033203125 0.0546875
0 0.5576171875 0.7607421875 0.037109375 0.0546875
0 0.51953125 0.126953125 0.037109375 0.0703125
0 0.705078125 0.234375 0.046875 0.080078125
0 0.8427734375 0.306640625 0.044921875 0.076171875
0 0.8076171875 0.7138671875 0.0390625 0.068359375
0 0.76171875 0.1611328125 0.0390625 0.0703125
3 0.5146484375 0.453125 0.0625 0.115234375
6 0.7490234375 0.611328125 0.083984375 0.1328125
1 0.3759765625 0.6015625 0.041015625 0.068359375
4 0.65625 0.6533203125 0.154296875 0.310546875
2 0.36328125 0.0732421875 0.09375 0.146484375
2 0.654296875 0.3857421875 0.22265625 0.2890625
0 0.6552734375 0.4365234375 0.0390625 0.068359375
0 0.619140625 0.443359375 0.037109375 0.07421875
0 0.369140625 0.7001953125 0.029296875 0.044921875
3 0.5166015625 0.63671875 0.076171875 0.103515625
5 0.52734375 0.5693359375 0.103515625 0.166015625
5 0.82421875 0.201171875 0.0859375 0.267578125
4 0.4228515625 0.1884765625 0.171875 0.3125
2 0.6171875 0.1064453125 0.12109375 0.212890625