2 0.5791015625 0.12109375 0.173828125 0.2421875
4 0.7099609375 0.2890625 0.177734375 0.37109375
2 0.462890625 0.396484375 0.169921875 0.220703125
4 0.5107421875 0.5830078125 0.107421875 0.228515625
5 0.3759765625 0.314453125 0.087890625 0.2109375
0 0.408203125 0.275390625 0.04296875 0.08203125
6 0.7763671875 0.154296875 0.1015625 0.17578125
0 0.5732421875 0.0947265625 0.041015625 0.08984375
0 0.6123046875 0.1083984375 0.044921875 0.09375
0 0.591796875 0.265625 0.0390625 0.076171875
0 0.587890625 0.734375 0.03515625 0.06640625
0 0.7666015625 0.7177734375 0.0390625 0.064453125
0 0.8125 0.6474609375 0.041015625 0.080078125
5 0.66796875 0.583984375 0.125 0.1875
3 0.6708984375 0.6083984375 0.0546875 0.1171875
3 0.6123046875 0.482421875 0.068359375 0.142578125
2 0.4306640625 0.6103515625 0.076171875 0.123046875
1 0.6943359375 0.765625 0.04296875 0.078125
0 0.369140625 0.6943359375 0.0283203125 0.052734375