2 0.4599609375 0.09765625 0.224609375 0.1953125
2 0.4912109375 0.5576171875 0.13671875 0.26171875
2 0.52734375 0.71875 0.08203125 0.109375
4 0.5908203125 0.650390625 0.162109375 0.263671875
4 0.5546875 0.353515625 0.203125 0.21875
3 0.689453125 0.42578125 0.0859375 0.1328125
3 0.69921875 0.146484375 0.068359375 0.17578125
5 0.6875 0.310546875 0.119140625 0.25390625
5 0.416015625 0.607421875 0.072265625 0.19921875
6 0.5537109375 0.2509765625 0.083984375 0.16015625
0 0.3974609375 0.4580078125 0.041015625 0.068359375
0 0.4560546875 0.26953125 0.044921875 0.07421875
0 0.4638671875 0.203125 0.044921875 0.083984375
0 0.4326171875 0.548828125 0.041015625 0.080078125
0 0.814453125 0.625 0.04296875 0.083984375
0 0.796875 0.7353515625 0.041015625 0.072265625
0 0.716796875 0.7216796875 0.0390625 0.076171875
1 0.751953125 0.78515625 0.044921875 0.078125
0 0.3671875 0.7041015625 0.0283203125 0.046875
0 0.8515625 0.01171875 0.0634765625 0.0234375