4 0.4375 0.3427734375 0.203125 0.30859375
4 0.65625 0.1669921875 0.1875 0.333984375
2 0.58203125 0.4873046875 0.169921875 0.314453125
2 0.52734375 0.4091796875 0.08203125 0.15234375
2 0.771484375 0.451171875 0.16796875 0.33203125
3 0.7080078125 0.3671875 0.08984375 0.12890625
5 0.650390625 0.3916015625 0.10546875 0.220703125
3 0.474609375 0.4736328125 0.064453125 0.107421875
5 0.3818359375 0.5380859375 0.087890625 0.171875
1 0.529296875 0.712890625 0.046875 0.060546875
6 0.40625 0.736328125 0.072265625 0.13671875
0 0.4443359375 0.6826171875 0.03515625 0.0625
0 0.51171875 0.6533203125 0.033203125 0.06640625
0 0.619140625 0.572265625 0.037109375 0.060546875
0 0.59375 0.5322265625 0.04296875 0.0703125
0 0.802734375 0.7265625 0.044921875 0.07421875
0 0.80859375 0.66015625 0.04296875 0.07421875
0 0.744140625 0.1552734375 0.052734375 0.099609375
0 0.80078125 0.07421875 0.044921875 0.09375
0 0.4384765625 0.0146484375 0.0390625 0.029296875
0 0.3681640625 0.6923828125 0.03125 0.0478515625