5 0.3837890625 0.171875 0.12109375 0.271484375
5 0.7177734375 0.677734375 0.1171875 0.150390625
3 0.3544921875 0.1357421875 0.078125 0.185546875
3 0.4638671875 0.0595703125 0.083984375 0.119140625
2 0.4990234375 0.294921875 0.154296875 0.37109375
2 0.6123046875 0.423828125 0.1796875 0.279296875
2 0.6015625 0.2021484375 0.1015625 0.193359375
4 0.763671875 0.40234375 0.18359375 0.23828125
4 0.517578125 0.6533203125 0.16796875 0.2265625
0 0.5244140625 0.412109375 0.044921875 0.076171875
0 0.4892578125 0.2607421875 0.046875 0.07421875
0 0.484375 0.19140625 0.04296875 0.076171875
0 0.5380859375 0.1259765625 0.04296875 0.076171875
0 0.369140625 0.4990234375 0.041015625 0.06640625
0 0.37109375 0.626953125 0.041015625 0.06640625
0 0.6171875 0.65234375 0.033203125 0.068359375
0 0.8212890625 0.5302734375 0.044921875 0.07421875
0 0.8037109375 0.7451171875 0.041015625 0.0625
0 0.8076171875 0.69140625 0.04296875 0.0703125
6 0.642578125 0.7470703125 0.07421875 0.12890625
1 0.7705078125 0.08984375 0.052734375 0.099609375
0 0.3671875 0.69921875 0.03125 0.0419921875