2 0.55859375 0.33203125 0.154296875 0.333984375
2 0.5615234375 0.1123046875 0.197265625 0.224609375
2 0.6943359375 0.22265625 0.08984375 0.19140625
4 0.66796875 0.5693359375 0.16796875 0.24609375
4 0.4912109375 0.5927734375 0.16015625 0.294921875
5 0.4267578125 0.0498046875 0.07421875 0.099609375
5 0.603515625 0.69921875 0.080078125 0.1796875
3 0.4169921875 0.017578125 0.041015625 0.03515625
3 0.8134765625 0.1318359375 0.083984375 0.158203125
1 0.849609375 0.2255859375 0.060546875 0.076171875
6 0.576171875 0.740234375 0.072265625 0.12890625
0 0.3837890625 0.5478515625 0.0390625 0.076171875
0 0.3486328125 0.2685546875 0.046875 0.08203125
0 0.5205078125 0.21875 0.05859375 0.09375
0 0.587890625 0.0849609375 0.048828125 0.0859375
0 0.6162109375 0.037109375 0.0546875 0.07421875
0 0.72265625 0.15234375 0.048828125 0.099609375
0 0.583984375 0.55078125 0.03515625 0.056640625
0 0.7314453125 0.7412109375 0.0390625 0.06640625
0 0.802734375 0.712890625 0.044921875 0.072265625
0 0.8095703125 0.6640625 0.044921875 0.068359375
0 0.3681640625 0.697265625 0.0283203125 0.0458984375