2 0.40625 0.177734375 0.185546875 0.34765625
4 0.658203125 0.193359375 0.111328125 0.291015625
4 0.4482421875 0.6181640625 0.111328125 0.25390625
2 0.6015625 0.638671875 0.123046875 0.283203125
2 0.6962890625 0.74609375 0.080078125 0.12890625
3 0.6220703125 0.501953125 0.10546875 0.080078125
3 0.5234375 0.3525390625 0.068359375 0.125
0 0.345703125 0.2607421875 0.0390625 0.076171875
0 0.3818359375 0.2568359375 0.0390625 0.0703125
0 0.5126953125 0.62109375 0.033203125 0.0625
0 0.4091796875 0.599609375 0.037109375 0.056640625
0 0.8134765625 0.5986328125 0.04296875 0.06640625
0 0.8232421875 0.541015625 0.044921875 0.060546875
0 0.83203125 0.478515625 0.041015625 0.072265625
1 0.794921875 0.478515625 0.0390625 0.08203125
5 0.720703125 0.4296875 0.125 0.197265625
5 0.5068359375 0.703125 0.109375 0.107421875
6 0.46875 0.4677734375 0.076171875 0.130859375
0 0.3681640625 0.7021484375 0.02734375 0.0478515625