2 0.40234375 0.2099609375 0.171875 0.41015625
2 0.61328125 0.6591796875 0.1953125 0.255859375
2 0.6962890625 0.7470703125 0.076171875 0.13671875
4 0.564453125 0.1376953125 0.189453125 0.271484375
4 0.4345703125 0.626953125 0.134765625 0.2734375
6 0.5029296875 0.515625 0.07421875 0.142578125
0 0.4052734375 0.59375 0.0390625 0.0625
0 0.3427734375 0.27734375 0.044921875 0.076171875
0 0.3779296875 0.28515625 0.041015625 0.07421875
0 0.8173828125 0.55859375 0.046875 0.072265625
0 0.82421875 0.5048828125 0.04296875 0.06640625
0 0.8330078125 0.4482421875 0.044921875 0.08203125
0 0.59375 0.576171875 0.044921875 0.072265625
3 0.6279296875 0.513671875 0.0625 0.115234375
3 0.7138671875 0.4814453125 0.08203125 0.14453125
5 0.7490234375 0.2978515625 0.134765625 0.251953125
1 0.830078125 0.271484375 0.044921875 0.095703125
5 0.5107421875 0.6787109375 0.111328125 0.12109375
0 0.3662109375 0.701171875 0.029296875 0.048828125