4 0.478515625 0.10546875 0.171875 0.2109375
4 0.6064453125 0.6650390625 0.162109375 0.248046875
2 0.5869140625 0.4453125 0.189453125 0.267578125
2 0.685546875 0.2490234375 0.19921875 0.322265625
2 0.375 0.0224609375 0.068359375 0.044921875
5 0.4755859375 0.5341796875 0.103515625 0.22265625
5 0.810546875 0.4716796875 0.0859375 0.228515625
3 0.4765625 0.4267578125 0.064453125 0.12890625
3 0.4365234375 0.576171875 0.076171875 0.138671875
6 0.7177734375 0.6572265625 0.087890625 0.142578125
0 0.4619140625 0.2255859375 0.04296875 0.07421875
0 0.66015625 0.0244140625 0.052734375 0.048828125
0 0.7529296875 0.416015625 0.04296875 0.080078125
0 0.8115234375 0.5849609375 0.048828125 0.07421875
0 0.7998046875 0.7236328125 0.044921875 0.078125
0 0.5673828125 0.43359375 0.04296875 0.07421875
0 0.5361328125 0.4501953125 0.037109375 0.078125
0 0.6318359375 0.453125 0.046875 0.076171875
0 0.43359375 0.693359375 0.03515625 0.0703125
0 0.4765625 0.728515625 0.044921875 0.072265625
1 0.3994140625 0.427734375 0.041015625 0.083984375
0 0.3681640625 0.7001953125 0.0302734375 0.05078125