0 0.34375 0.2802734375 0.03515625 0.068359375
2 0.404296875 0.208984375 0.17578125 0.41796875
0 0.380859375 0.28125 0.037109375 0.08203125
4 0.587890625 0.154296875 0.181640625 0.30859375
1 0.833984375 0.28125 0.0390625 0.09375
5 0.7548828125 0.306640625 0.130859375 0.251953125
3 0.7158203125 0.486328125 0.078125 0.13671875
3 0.6240234375 0.521484375 0.0625 0.11328125
0 0.833984375 0.4453125 0.046875 0.072265625
0 0.8291015625 0.505859375 0.04296875 0.060546875
0 0.8203125 0.5625 0.044921875 0.0625
0 0.5908203125 0.578125 0.041015625 0.072265625
2 0.701171875 0.759765625 0.076171875 0.1171875
2 0.6259765625 0.6552734375 0.146484375 0.23828125
4 0.4423828125 0.623046875 0.119140625 0.267578125
6 0.5068359375 0.5146484375 0.072265625 0.13671875
0 0.4072265625 0.595703125 0.0390625 0.07421875
5 0.515625 0.6787109375 0.111328125 0.099609375
0 0.3662109375 0.7001953125 0.0283203125 0.05078125