2 0.404296875 0.212890625 0.169921875 0.416015625
4 0.5654296875 0.13671875 0.189453125 0.2734375
2 0.619140625 0.65234375 0.1875 0.25
2 0.6962890625 0.7470703125 0.083984375 0.1328125
3 0.62890625 0.525390625 0.060546875 0.126953125
3 0.712890625 0.4794921875 0.080078125 0.14453125
4 0.4365234375 0.6259765625 0.1328125 0.26953125
6 0.5048828125 0.515625 0.07421875 0.134765625
0 0.4072265625 0.59375 0.0390625 0.072265625
0 0.37890625 0.28515625 0.0390625 0.0859375
0 0.341796875 0.2841796875 0.037109375 0.087890625
0 0.833984375 0.4482421875 0.046875 0.078125
0 0.826171875 0.5048828125 0.044921875 0.0625
0 0.8173828125 0.5625 0.048828125 0.06640625
5 0.751953125 0.298828125 0.12890625 0.267578125
1 0.8271484375 0.2685546875 0.048828125 0.09765625
5 0.5087890625 0.677734375 0.111328125 0.123046875
0 0.3671875 0.701171875 0.0234375 0.041015625
0 0.595703125 0.5771484375 0.0380859375 0.0634765625