2 0.578125 0.203125 0.087890625 0.18359375
6 0.4130859375 0.7294921875 0.068359375 0.119140625
1 0.421875 0.568359375 0.037109375 0.068359375
0 0.3857421875 0.5 0.033203125 0.064453125
0 0.4150390625 0.4365234375 0.033203125 0.064453125
3 0.513671875 0.2958984375 0.06640625 0.095703125
5 0.3662109375 0.3974609375 0.068359375 0.1953125
0 0.7080078125 0.6142578125 0.04296875 0.076171875
0 0.7958984375 0.6455078125 0.041015625 0.05859375
0 0.80078125 0.7021484375 0.037109375 0.056640625
0 0.8017578125 0.7578125 0.0390625 0.056640625
2 0.5849609375 0.6640625 0.154296875 0.26953125
2 0.58984375 0.4169921875 0.181640625 0.2265625
0 0.5576171875 0.4482421875 0.033203125 0.07421875
0 0.5419921875 0.4970703125 0.037109375 0.0625
5 0.67578125 0.48046875 0.08984375 0.125
3 0.658203125 0.58203125 0.0625 0.16796875
4 0.7626953125 0.40625 0.150390625 0.296875
4 0.44140625 0.216796875 0.1796875 0.333984375
0 0.375 0.6962890625 0.0390625 0.0498046875