2 0.46484375 0.25 0.201171875 0.248046875
2 0.3818359375 0.4541015625 0.078125 0.126953125
2 0.685546875 0.216796875 0.19140625 0.337890625
0 0.712890625 0.2470703125 0.0390625 0.08203125
0 0.67578125 0.2841796875 0.041015625 0.083984375
0 0.494140625 0.173828125 0.048828125 0.05859375
0 0.6630859375 0.076171875 0.05078125 0.083984375
0 0.8427734375 0.0361328125 0.052734375 0.072265625
0 0.80859375 0.6962890625 0.041015625 0.080078125
0 0.7060546875 0.75390625 0.04296875 0.064453125
0 0.47265625 0.6650390625 0.04296875 0.056640625
1 0.5224609375 0.7314453125 0.041015625 0.060546875
4 0.4638671875 0.4931640625 0.13671875 0.271484375
5 0.55859375 0.556640625 0.125 0.22265625
3 0.5419921875 0.5810546875 0.0625 0.107421875
3 0.6181640625 0.521484375 0.08203125 0.140625
4 0.728515625 0.4931640625 0.130859375 0.328125
0 0.6767578125 0.4892578125 0.044921875 0.06640625
6 0.82421875 0.3740234375 0.09765625 0.154296875
5 0.5576171875 0.06640625 0.03515625 0.1328125
0 0.3662109375 0.69140625 0.0322265625 0.0498046875