2 0.3984375 0.2060546875 0.169921875 0.392578125
0 0.3427734375 0.28125 0.037109375 0.076171875
0 0.3798828125 0.28515625 0.04296875 0.076171875
0 0.8349609375 0.4443359375 0.041015625 0.07421875
0 0.82421875 0.5068359375 0.048828125 0.06640625
0 0.8173828125 0.560546875 0.04296875 0.07421875
2 0.703125 0.7529296875 0.078125 0.146484375
2 0.6279296875 0.650390625 0.1484375 0.248046875
0 0.5927734375 0.576171875 0.037109375 0.06640625
3 0.6259765625 0.51953125 0.0625 0.111328125
3 0.716796875 0.486328125 0.078125 0.13671875
1 0.8310546875 0.2744140625 0.044921875 0.09375
5 0.7490234375 0.2998046875 0.130859375 0.255859375
4 0.439453125 0.6201171875 0.126953125 0.2578125
6 0.5048828125 0.5205078125 0.0703125 0.125
5 0.5107421875 0.6787109375 0.109375 0.10546875
0 0.40625 0.591796875 0.037109375 0.064453125
4 0.568359375 0.13671875 0.189453125 0.271484375
0 0.3681640625 0.701171875 0.025390625 0.048828125