2 0.4013671875 0.2060546875 0.171875 0.41015625
2 0.6142578125 0.6513671875 0.17578125 0.244140625
2 0.697265625 0.7470703125 0.080078125 0.1328125
4 0.43359375 0.6279296875 0.126953125 0.26953125
4 0.564453125 0.134765625 0.1875 0.26953125
5 0.75 0.298828125 0.1328125 0.2578125
5 0.5107421875 0.6748046875 0.111328125 0.11328125
6 0.505859375 0.515625 0.078125 0.140625
3 0.7119140625 0.48828125 0.083984375 0.13671875
3 0.626953125 0.5146484375 0.06640625 0.1171875
1 0.828125 0.2744140625 0.046875 0.1015625
0 0.341796875 0.2822265625 0.041015625 0.08203125
0 0.3779296875 0.2822265625 0.041015625 0.08203125
0 0.4052734375 0.5947265625 0.037109375 0.0625
0 0.59375 0.5771484375 0.041015625 0.072265625
0 0.8154296875 0.5595703125 0.05078125 0.076171875
0 0.8251953125 0.50390625 0.041015625 0.060546875
0 0.833984375 0.4501953125 0.048828125 0.08203125
0 0.3681640625 0.701171875 0.02734375 0.046875