0 0.3486328125 0.220703125 0.044921875 0.078125
0 0.396484375 0.5126953125 0.033203125 0.072265625
0 0.724609375 0.77734375 0.03515625 0.0625
0 0.8056640625 0.7216796875 0.041015625 0.0625
0 0.8173828125 0.6484375 0.048828125 0.068359375
2 0.712890625 0.2978515625 0.09765625 0.15234375
2 0.55859375 0.29296875 0.1796875 0.29296875
2 0.6328125 0.119140625 0.19140625 0.23828125
0 0.580078125 0.220703125 0.044921875 0.072265625
0 0.6630859375 0.068359375 0.046875 0.0859375
0 0.693359375 0.02734375 0.05078125 0.0546875
5 0.5078125 0.06640625 0.0625 0.1328125
3 0.486328125 0.0166015625 0.095703125 0.033203125
4 0.486328125 0.58203125 0.1484375 0.314453125
0 0.5595703125 0.525390625 0.03515625 0.064453125
4 0.6376953125 0.568359375 0.158203125 0.26953125
6 0.556640625 0.7421875 0.0703125 0.125
5 0.5888671875 0.7158203125 0.083984375 0.14453125
0 0.7421875 0.224609375 0.04296875 0.080078125
1 0.8232421875 0.4130859375 0.0546875 0.0703125
3 0.8037109375 0.3505859375 0.080078125 0.12890625
0 0.365234375 0.69140625 0.03125 0.0498046875