4 0.509765625 0.11328125 0.189453125 0.2265625
2 0.6474609375 0.5615234375 0.166015625 0.2578125
2 0.5458984375 0.314453125 0.181640625 0.232421875
5 0.3681640625 0.0869140625 0.04296875 0.109375
2 0.8427734375 0.12890625 0.09765625 0.181640625
5 0.5634765625 0.53125 0.125 0.115234375
3 0.5283203125 0.443359375 0.091796875 0.126953125
4 0.5029296875 0.623046875 0.140625 0.16015625
0 0.3974609375 0.0830078125 0.037109375 0.080078125
0 0.4453125 0.361328125 0.041015625 0.076171875
0 0.6005859375 0.232421875 0.041015625 0.083984375
0 0.6943359375 0.021484375 0.05859375 0.04296875
0 0.8310546875 0.4326171875 0.05078125 0.087890625
0 0.59765625 0.744140625 0.037109375 0.068359375
0 0.6298828125 0.744140625 0.0390625 0.068359375
0 0.6669921875 0.5439453125 0.048828125 0.068359375
0 0.6748046875 0.48046875 0.044921875 0.07421875
0 0.390625 0.5107421875 0.041015625 0.068359375
6 0.4111328125 0.7294921875 0.072265625 0.1328125
3 0.7578125 0.099609375 0.076171875 0.154296875
0 0.36328125 0.703125 0.0341796875 0.044921875