2 0.478515625 0.4736328125 0.140625 0.263671875
2 0.458984375 0.6669921875 0.076171875 0.1328125
2 0.533203125 0.1162109375 0.169921875 0.232421875
4 0.6689453125 0.2841796875 0.189453125 0.345703125
3 0.638671875 0.537109375 0.078125 0.14453125
4 0.5341796875 0.6279296875 0.12890625 0.263671875
5 0.38671875 0.43359375 0.083984375 0.185546875
5 0.720703125 0.568359375 0.15234375 0.19921875
3 0.7392578125 0.5615234375 0.076171875 0.14453125
0 0.642578125 0.7431640625 0.0390625 0.06640625
0 0.4208984375 0.40234375 0.04296875 0.076171875
0 0.5126953125 0.3154296875 0.037109375 0.068359375
0 0.5458984375 0.0595703125 0.046875 0.087890625
0 0.568359375 0.12109375 0.04296875 0.09375
0 0.7802734375 0.736328125 0.04296875 0.0703125
0 0.8115234375 0.654296875 0.044921875 0.076171875
1 0.7216796875 0.7666015625 0.04296875 0.0859375
6 0.7177734375 0.13671875 0.1015625 0.1875
0 0.3681640625 0.708984375 0.029296875 0.048828125