0 0.4345703125 0.2978515625 0.04296875 0.0703125
0 0.46875 0.7177734375 0.03125 0.056640625
0 0.5048828125 0.7431640625 0.03515625 0.05859375
0 0.806640625 0.7119140625 0.041015625 0.06640625
0 0.8173828125 0.45703125 0.046875 0.0703125
0 0.7685546875 0.2890625 0.044921875 0.072265625
0 0.5947265625 0.0703125 0.04296875 0.072265625
2 0.66796875 0.1884765625 0.2265625 0.259765625
0 0.6640625 0.349609375 0.046875 0.076171875
2 0.6171875 0.4228515625 0.197265625 0.255859375
0 0.60546875 0.44140625 0.037109375 0.06640625
0 0.5712890625 0.4609375 0.03515625 0.064453125
3 0.4970703125 0.443359375 0.060546875 0.109375
1 0.3916015625 0.53125 0.0390625 0.07421875
3 0.4736328125 0.626953125 0.076171875 0.11328125
5 0.4931640625 0.560546875 0.107421875 0.193359375
4 0.4365234375 0.125 0.18359375 0.25
5 0.8212890625 0.341796875 0.07421875 0.23046875
4 0.619140625 0.6533203125 0.16015625 0.251953125
6 0.734375 0.642578125 0.080078125 0.1328125
2 0.369140625 0.0234375 0.0927734375 0.0458984375
0 0.3671875 0.705078125 0.029296875 0.044921875