2 0.404296875 0.20703125 0.171875 0.404296875
2 0.6064453125 0.654296875 0.1796875 0.240234375
2 0.6982421875 0.7451171875 0.083984375 0.130859375
4 0.564453125 0.1357421875 0.19140625 0.271484375
4 0.4345703125 0.625 0.134765625 0.279296875
6 0.501953125 0.513671875 0.0703125 0.13671875
5 0.5087890625 0.677734375 0.109375 0.119140625
5 0.7509765625 0.3017578125 0.13671875 0.251953125
3 0.7119140625 0.4814453125 0.078125 0.13671875
3 0.6279296875 0.517578125 0.064453125 0.126953125
1 0.8291015625 0.26953125 0.044921875 0.1015625
0 0.3798828125 0.2861328125 0.0390625 0.076171875
0 0.341796875 0.28125 0.04296875 0.078125
0 0.40625 0.595703125 0.037109375 0.05859375
0 0.591796875 0.576171875 0.04296875 0.072265625
0 0.818359375 0.560546875 0.044921875 0.072265625
0 0.8232421875 0.505859375 0.04296875 0.068359375
0 0.83203125 0.4453125 0.04296875 0.076171875
0 0.3681640625 0.701171875 0.033203125 0.046875