0 0.3447265625 0.126953125 0.044921875 0.08984375
0 0.388671875 0.4033203125 0.033203125 0.068359375
0 0.5234375 0.4365234375 0.03125 0.060546875
0 0.6416015625 0.296875 0.041015625 0.0703125
0 0.7001953125 0.7763671875 0.033203125 0.0703125
0 0.8095703125 0.6533203125 0.041015625 0.068359375
0 0.802734375 0.7529296875 0.037109375 0.072265625
0 0.7822265625 0.3623046875 0.0390625 0.064453125
0 0.7724609375 0.212890625 0.048828125 0.078125
0 0.8037109375 0.1552734375 0.044921875 0.0703125
3 0.6728515625 0.0517578125 0.095703125 0.103515625
3 0.74609375 0.525390625 0.078125 0.103515625
4 0.5966796875 0.5205078125 0.123046875 0.25
4 0.470703125 0.544921875 0.123046875 0.3046875
6 0.5224609375 0.744140625 0.072265625 0.1171875
5 0.548828125 0.6962890625 0.095703125 0.123046875
5 0.6650390625 0.1357421875 0.1015625 0.111328125
2 0.548828125 0.23828125 0.1875 0.28515625
2 0.70703125 0.4169921875 0.078125 0.13671875
2 0.7666015625 0.212890625 0.212890625 0.2734375
1 0.798828125 0.5546875 0.0546875 0.060546875
0 0.369140625 0.701171875 0.037109375 0.0458984375