2 0.46484375 0.357421875 0.162109375 0.244140625
2 0.4111328125 0.5810546875 0.07421875 0.134765625
2 0.6298828125 0.1689453125 0.181640625 0.333984375
0 0.6669921875 0.1630859375 0.044921875 0.083984375
0 0.634765625 0.2177734375 0.041015625 0.08203125
0 0.6513671875 0.3095703125 0.03515625 0.078125
0 0.548828125 0.7275390625 0.03125 0.052734375
0 0.7490234375 0.7333984375 0.044921875 0.068359375
0 0.810546875 0.671875 0.04296875 0.0703125
0 0.4052734375 0.1953125 0.03515625 0.07421875
4 0.490234375 0.5693359375 0.09375 0.23046875
4 0.7353515625 0.38671875 0.13671875 0.373046875
6 0.8310546875 0.2646484375 0.09375 0.16796875
3 0.609375 0.494140625 0.0859375 0.130859375
5 0.6142578125 0.6064453125 0.107421875 0.203125
3 0.611328125 0.638671875 0.05859375 0.09765625
1 0.654296875 0.7734375 0.046875 0.072265625
0 0.3203125 0.0185546875 0.029296875 0.037109375
0 0.3671875 0.7001953125 0.0283203125 0.0419921875
0 0.8466796875 0.013671875 0.052734375 0.0263671875