1 0.4189453125 0.20703125 0.0390625 0.099609375
0 0.5009765625 0.197265625 0.03515625 0.068359375
0 0.3740234375 0.625 0.037109375 0.06640625
0 0.4208984375 0.658203125 0.03515625 0.06640625
2 0.53515625 0.431640625 0.12109375 0.314453125
0 0.49609375 0.36328125 0.037109375 0.0703125
0 0.5146484375 0.4208984375 0.04296875 0.068359375
0 0.58203125 0.484375 0.04296875 0.06640625
0 0.6708984375 0.6220703125 0.03515625 0.060546875
0 0.802734375 0.7392578125 0.04296875 0.056640625
6 0.7099609375 0.697265625 0.07421875 0.126953125
3 0.4306640625 0.31640625 0.05859375 0.11328125
2 0.529296875 0.10546875 0.09375 0.166015625
0 0.8232421875 0.0400390625 0.052734375 0.07421875
3 0.375 0.4365234375 0.0625 0.123046875
5 0.4208984375 0.42578125 0.103515625 0.228515625
5 0.7939453125 0.5966796875 0.076171875 0.1875
4 0.5625 0.6708984375 0.169921875 0.205078125
4 0.6455078125 0.162109375 0.13671875 0.3125
2 0.669921875 0.4228515625 0.1484375 0.244140625
0 0.8095703125 0.685546875 0.041015625 0.05859375
0 0.3671875 0.703125 0.0302734375 0.046875