2 0.482421875 0.490234375 0.12890625 0.28125
0 0.4228515625 0.4365234375 0.037109375 0.0625
4 0.5615234375 0.6181640625 0.13671875 0.244140625
2 0.484375 0.6826171875 0.072265625 0.111328125
0 0.44140625 0.33203125 0.037109375 0.0625
5 0.38671875 0.482421875 0.064453125 0.19140625
2 0.458984375 0.0830078125 0.173828125 0.166015625
0 0.5068359375 0.1455078125 0.044921875 0.078125
0 0.5146484375 0.0693359375 0.044921875 0.080078125
0 0.8154296875 0.6220703125 0.041015625 0.06640625
0 0.7900390625 0.7216796875 0.037109375 0.0625
0 0.6796875 0.7177734375 0.037109375 0.060546875
1 0.736328125 0.7607421875 0.037109375 0.080078125
3 0.671875 0.453125 0.09375 0.119140625
4 0.61328125 0.28515625 0.189453125 0.189453125
5 0.7275390625 0.357421875 0.119140625 0.25
3 0.7783203125 0.3564453125 0.06640625 0.123046875
6 0.6640625 0.1298828125 0.05859375 0.13671875
0 0.3681640625 0.6962890625 0.0302734375 0.044921875