4 0.5654296875 0.1357421875 0.1875 0.271484375
6 0.50390625 0.51171875 0.07421875 0.134765625
0 0.40625 0.5927734375 0.033203125 0.056640625
4 0.4404296875 0.62109375 0.10546875 0.259765625
0 0.37890625 0.283203125 0.037109375 0.06640625
0 0.3427734375 0.2822265625 0.0390625 0.072265625
0 0.59375 0.578125 0.041015625 0.06640625
0 0.83203125 0.443359375 0.044921875 0.068359375
0 0.8271484375 0.50390625 0.046875 0.056640625
0 0.818359375 0.5625 0.04296875 0.0625
3 0.712890625 0.4814453125 0.07421875 0.134765625
3 0.623046875 0.5078125 0.0625 0.095703125
5 0.7490234375 0.3017578125 0.12890625 0.24609375
5 0.509765625 0.67578125 0.09765625 0.10546875
2 0.400390625 0.2109375 0.17578125 0.3984375
1 0.828125 0.2724609375 0.041015625 0.08984375
2 0.701171875 0.7490234375 0.08203125 0.142578125
2 0.6240234375 0.6572265625 0.16015625 0.232421875
0 0.3671875 0.701171875 0.0341796875 0.0498046875