4 0.455078125 0.474609375 0.130859375 0.29296875
4 0.5625 0.38671875 0.12109375 0.2890625
2 0.625 0.5380859375 0.0859375 0.12890625
2 0.7255859375 0.439453125 0.20703125 0.26953125
2 0.6689453125 0.12890625 0.19921875 0.2578125
3 0.71875 0.259765625 0.07421875 0.1484375
5 0.689453125 0.291015625 0.12109375 0.1484375
5 0.4833984375 0.669921875 0.08984375 0.1484375
6 0.4697265625 0.7314453125 0.0703125 0.123046875
3 0.6142578125 0.642578125 0.0703125 0.1015625
1 0.71484375 0.6982421875 0.056640625 0.064453125
0 0.3798828125 0.203125 0.0546875 0.08203125
0 0.3486328125 0.03125 0.046875 0.0625
0 0.5302734375 0.189453125 0.0390625 0.078125
0 0.6240234375 0.2939453125 0.044921875 0.083984375
0 0.6005859375 0.7626953125 0.0390625 0.07421875
0 0.716796875 0.658203125 0.044921875 0.0625
0 0.7802734375 0.4033203125 0.04296875 0.07421875
0 0.74609375 0.4462890625 0.048828125 0.08203125
0 0.8056640625 0.7109375 0.044921875 0.0625
0 0.8125 0.65625 0.044921875 0.076171875
0 0.3681640625 0.69140625 0.03125 0.0498046875