2 0.396484375 0.240234375 0.158203125 0.34765625
4 0.568359375 0.1396484375 0.18359375 0.271484375
4 0.4326171875 0.6279296875 0.130859375 0.2734375
6 0.50390625 0.5146484375 0.072265625 0.134765625
2 0.6181640625 0.6533203125 0.1484375 0.2421875
2 0.697265625 0.7470703125 0.083984375 0.1328125
5 0.51171875 0.67578125 0.115234375 0.10546875
5 0.748046875 0.3017578125 0.13671875 0.25390625
3 0.7119140625 0.484375 0.08203125 0.13671875
3 0.6259765625 0.5087890625 0.064453125 0.115234375
0 0.341796875 0.2802734375 0.0390625 0.078125
0 0.3798828125 0.2861328125 0.0390625 0.08203125
0 0.4072265625 0.59375 0.037109375 0.0703125
0 0.83203125 0.4443359375 0.044921875 0.080078125
0 0.8271484375 0.5068359375 0.05078125 0.060546875
0 0.8203125 0.5634765625 0.046875 0.07421875
0 0.591796875 0.5771484375 0.041015625 0.068359375
1 0.828125 0.26953125 0.046875 0.10546875
0 0.365234375 0.701171875 0.029296875 0.048828125