1 0.3857421875 0.640625 0.04296875 0.0703125
0 0.419921875 0.4501953125 0.033203125 0.064453125
0 0.50390625 0.21484375 0.03515625 0.068359375
0 0.712890625 0.0556640625 0.044921875 0.0703125
0 0.7216796875 0.12890625 0.048828125 0.08203125
0 0.8515625 0.16796875 0.0546875 0.080078125
0 0.806640625 0.689453125 0.04296875 0.05859375
0 0.5908203125 0.7685546875 0.0390625 0.064453125
0 0.5712890625 0.7060546875 0.037109375 0.05859375
3 0.5166015625 0.451171875 0.064453125 0.12890625
3 0.5498046875 0.6220703125 0.0859375 0.103515625
5 0.7822265625 0.0986328125 0.103515625 0.197265625
4 0.416015625 0.26953125 0.146484375 0.30078125
2 0.359375 0.169921875 0.087890625 0.15625
2 0.51953125 0.12109375 0.173828125 0.2421875
2 0.669921875 0.3154296875 0.2421875 0.27734375
0 0.642578125 0.3720703125 0.0390625 0.078125
0 0.6826171875 0.3720703125 0.044921875 0.078125
4 0.673828125 0.60546875 0.14453125 0.3125
6 0.7783203125 0.533203125 0.087890625 0.146484375
5 0.546875 0.5390625 0.119140625 0.16796875
0 0.365234375 0.697265625 0.0283203125 0.044921875