2 0.4931640625 0.2060546875 0.171875 0.384765625
2 0.5732421875 0.4130859375 0.17578125 0.31640625
2 0.6259765625 0.1787109375 0.09375 0.177734375
4 0.748046875 0.4775390625 0.1796875 0.2265625
4 0.5126953125 0.625 0.158203125 0.2421875
3 0.357421875 0.052734375 0.0703125 0.10546875
5 0.376953125 0.095703125 0.12890625 0.19140625
5 0.673828125 0.6689453125 0.11328125 0.130859375
6 0.6103515625 0.7421875 0.076171875 0.134765625
0 0.353515625 0.404296875 0.044921875 0.0703125
0 0.4990234375 0.1044921875 0.048828125 0.08203125
0 0.498046875 0.1787109375 0.05078125 0.080078125
0 0.5751953125 0.0673828125 0.048828125 0.076171875
0 0.3662109375 0.6044921875 0.04296875 0.0703125
0 0.603515625 0.61328125 0.03125 0.05859375
0 0.7958984375 0.623046875 0.04296875 0.06640625
0 0.8017578125 0.7421875 0.044921875 0.0625
0 0.80859375 0.689453125 0.046875 0.0625
1 0.8466796875 0.07421875 0.056640625 0.111328125
0 0.365234375 0.701171875 0.0361328125 0.046875
0 0.505859375 0.3447265625 0.0380859375 0.0693359375