0 0.232421875 0.5205078125 0.041015625 0.0703125
0 0.2998046875 0.6455078125 0.046875 0.083984375
0 0.26953125 0.7451171875 0.048828125 0.080078125
0 0.3115234375 0.916015625 0.046875 0.076171875
0 0.4736328125 0.9326171875 0.044921875 0.076171875
0 0.3662109375 0.771484375 0.04296875 0.083984375
0 0.38671875 0.4580078125 0.046875 0.087890625
0 0.5654296875 0.66796875 0.044921875 0.080078125
0 0.5048828125 0.298828125 0.048828125 0.083984375
0 0.3525390625 0.119140625 0.046875 0.08203125
6 0.408203125 0.06640625 0.11328125 0.1328125
1 0.5244140625 0.2109375 0.0546875 0.087890625
5 0.52734375 0.095703125 0.13671875 0.19140625
5 0.2783203125 0.4609375 0.0703125 0.271484375
3 0.3740234375 0.8662109375 0.078125 0.138671875
4 0.5419921875 0.4462890625 0.228515625 0.412109375
4 0.375 0.1904296875 0.232421875 0.380859375
3 0.498046875 0.23046875 0.0888671875 0.1396484375