0 0.232421875 0.2373046875 0.048828125 0.087890625
0 0.2763671875 0.1943359375 0.048828125 0.083984375
0 0.357421875 0.2109375 0.048828125 0.08984375
0 0.2880859375 0.42578125 0.046875 0.083984375
0 0.359375 0.0673828125 0.044921875 0.08984375
1 0.4609375 0.1904296875 0.064453125 0.078125
6 0.4375 0.076171875 0.1171875 0.15234375
0 0.5244140625 0.6318359375 0.04296875 0.08203125
0 0.6064453125 0.8388671875 0.041015625 0.076171875
0 0.681640625 0.9375 0.04296875 0.08984375
0 0.857421875 0.328125 0.05078125 0.0859375
5 0.6875 0.5625 0.068359375 0.279296875
5 0.7607421875 0.7900390625 0.095703125 0.25390625
4 0.453125 0.4296875 0.228515625 0.419921875
4 0.59765625 0.5791015625 0.130859375 0.3359375
3 0.5625 0.91015625 0.076171875 0.138671875
3 0.658203125 0.9794921875 0.083984375 0.0400390625