0 0.4111328125 0.025390625 0.046875 0.05078125
0 0.435546875 0.0751953125 0.048828125 0.080078125
0 0.4873046875 0.275390625 0.056640625 0.087890625
0 0.4150390625 0.3994140625 0.046875 0.080078125
0 0.390625 0.580078125 0.04296875 0.08203125
0 0.33984375 0.6015625 0.037109375 0.06640625
0 0.5888671875 0.6611328125 0.044921875 0.07421875
0 0.4970703125 0.9873046875 0.04296875 0.025390625
0 0.41796875 0.98828125 0.041015625 0.0234375
4 0.318359375 0.87109375 0.205078125 0.23828125
4 0.5419921875 0.453125 0.2265625 0.423828125
3 0.349609375 0.4892578125 0.087890625 0.126953125
3 0.2705078125 0.5234375 0.091796875 0.12109375
5 0.2490234375 0.6162109375 0.08984375 0.26171875
1 0.470703125 0.1875 0.056640625 0.08203125
5 0.49609375 0.9111328125 0.142578125 0.13671875
6 0.3486328125 0.9814453125 0.087890625 0.037109375