0 0.263671875 0.3076171875 0.037109375 0.068359375
0 0.2568359375 0.7080078125 0.046875 0.080078125
0 0.3095703125 0.9326171875 0.046875 0.076171875
0 0.482421875 0.96875 0.046875 0.0625
0 0.3447265625 0.7646484375 0.044921875 0.076171875
0 0.40625 0.5458984375 0.044921875 0.078125
0 0.5029296875 0.3017578125 0.048828125 0.0859375
0 0.3544921875 0.119140625 0.048828125 0.0859375
1 0.5224609375 0.2109375 0.0546875 0.08203125
4 0.544921875 0.453125 0.228515625 0.41015625
5 0.291015625 0.45703125 0.083984375 0.26953125
3 0.3740234375 0.8662109375 0.078125 0.138671875
5 0.5283203125 0.09765625 0.13671875 0.1953125
6 0.41015625 0.060546875 0.1171875 0.12109375
0 0.5634765625 0.6669921875 0.056640625 0.08203125
0 0.291015625 0.6337890625 0.048828125 0.08203125
4 0.375 0.1884765625 0.236328125 0.376953125
3 0.4775390625 0.2216796875 0.072265625 0.130859375