0 0.2197265625 0.3974609375 0.05078125 0.080078125
0 0.2734375 0.630859375 0.05078125 0.087890625
0 0.279296875 0.7275390625 0.04296875 0.076171875
0 0.29296875 0.97265625 0.04296875 0.0546875
0 0.3642578125 0.720703125 0.046875 0.08203125
0 0.34765625 0.3310546875 0.041015625 0.072265625
0 0.5673828125 0.666015625 0.048828125 0.07421875
0 0.50390625 0.2998046875 0.05078125 0.087890625
0 0.3564453125 0.1220703125 0.046875 0.083984375
1 0.521484375 0.2177734375 0.05859375 0.091796875
5 0.291015625 0.4423828125 0.08203125 0.255859375
4 0.5439453125 0.4521484375 0.224609375 0.4296875
4 0.3740234375 0.1904296875 0.234375 0.380859375
6 0.4072265625 0.064453125 0.123046875 0.12890625
5 0.52734375 0.0966796875 0.138671875 0.193359375
3 0.369140625 0.8642578125 0.072265625 0.146484375
3 0.494140625 0.2216796875 0.09765625 0.158203125