5 0.2265625 0.3525390625 0.10546875 0.263671875
5 0.4404296875 0.8779296875 0.140625 0.142578125
0 0.48828125 0.263671875 0.048828125 0.08984375
0 0.8173828125 0.26953125 0.044921875 0.08203125
0 0.44140625 0.3701171875 0.044921875 0.080078125
0 0.23046875 0.93359375 0.044921875 0.0703125
0 0.28515625 0.880859375 0.044921875 0.076171875
0 0.337890625 0.927734375 0.044921875 0.076171875
0 0.3642578125 0.572265625 0.0390625 0.0625
0 0.4033203125 0.595703125 0.044921875 0.080078125
0 0.5908203125 0.65234375 0.046875 0.08203125
0 0.8564453125 0.240234375 0.041015625 0.08203125
3 0.3671875 0.455078125 0.0703125 0.17578125
3 0.2958984375 0.35546875 0.072265625 0.15234375
1 0.4697265625 0.189453125 0.0546875 0.07421875
4 0.541015625 0.4521484375 0.220703125 0.419921875
6 0.2841796875 0.67578125 0.20703125 0.369140625
6 0.2099609375 0.8076171875 0.103515625 0.169921875