0 0.2109375 0.6640625 0.044921875 0.080078125
0 0.3046875 0.751953125 0.041015625 0.0625
0 0.37890625 0.548828125 0.04296875 0.083984375
0 0.48046875 0.265625 0.052734375 0.08984375
1 0.46875 0.18359375 0.0546875 0.078125
0 0.6845703125 0.4462890625 0.052734375 0.09375
0 0.798828125 0.142578125 0.048828125 0.09375
0 0.8466796875 0.396484375 0.048828125 0.0859375
0 0.7734375 0.74609375 0.046875 0.078125
0 0.564453125 0.640625 0.04296875 0.080078125
3 0.2939453125 0.8916015625 0.087890625 0.14453125
4 0.5302734375 0.4453125 0.21484375 0.41015625
4 0.5517578125 0.83984375 0.205078125 0.314453125
5 0.64453125 0.8916015625 0.087890625 0.216796875
5 0.3603515625 0.9091796875 0.1484375 0.16015625
3 0.3310546875 0.59765625 0.07421875 0.15234375
0 0.390625 0.6298828125 0.04296875 0.076171875
6 0.755859375 0.86328125 0.107421875 0.185546875
0 0.2763671875 0.986328125 0.056640625 0.02734375