4 0.37109375 0.1845703125 0.234375 0.369140625
4 0.54296875 0.453125 0.224609375 0.427734375
5 0.28125 0.568359375 0.072265625 0.2578125
5 0.5166015625 0.0849609375 0.138671875 0.169921875
0 0.3740234375 0.529296875 0.048828125 0.080078125
0 0.359375 0.6005859375 0.046875 0.07421875
0 0.41015625 0.6103515625 0.04296875 0.076171875
0 0.4228515625 0.5361328125 0.04296875 0.08203125
0 0.5849609375 0.6640625 0.046875 0.083984375
0 0.3310546875 0.9462890625 0.037109375 0.0625
0 0.2841796875 0.990234375 0.044921875 0.01953125
0 0.4990234375 0.294921875 0.052734375 0.087890625
1 0.51953125 0.2099609375 0.060546875 0.078125
0 0.3359375 0.0888671875 0.05078125 0.0859375
6 0.3974609375 0.0595703125 0.11328125 0.119140625
3 0.38671875 0.697265625 0.087890625 0.1328125
0 0.3251953125 0.7080078125 0.046875 0.083984375
3 0.4921875 0.2255859375 0.1005859375 0.1201171875