0 0.2255859375 0.65625 0.0390625 0.064453125
0 0.287109375 0.76953125 0.044921875 0.080078125
0 0.306640625 0.8955078125 0.046875 0.078125
0 0.462890625 0.890625 0.041015625 0.0703125
0 0.3046875 0.6591796875 0.046875 0.080078125
0 0.3759765625 0.76953125 0.044921875 0.072265625
0 0.3525390625 0.4052734375 0.046875 0.087890625
0 0.5029296875 0.30078125 0.048828125 0.08984375
0 0.578125 0.6669921875 0.04296875 0.08203125
0 0.3544921875 0.1220703125 0.041015625 0.08984375
6 0.4091796875 0.0634765625 0.111328125 0.126953125
5 0.52734375 0.0986328125 0.13671875 0.197265625
5 0.2734375 0.4853515625 0.0703125 0.26171875
4 0.541015625 0.45703125 0.2265625 0.4140625
4 0.3740234375 0.1884765625 0.236328125 0.376953125
3 0.3759765625 0.8623046875 0.076171875 0.14453125
3 0.484375 0.22265625 0.07421875 0.1484375