5 0.259765625 0.2158203125 0.162109375 0.17578125
0 0.248046875 0.7431640625 0.044921875 0.07421875
0 0.2275390625 0.841796875 0.04296875 0.076171875
0 0.283203125 0.8642578125 0.04296875 0.076171875
0 0.3837890625 0.59765625 0.03515625 0.06640625
0 0.419921875 0.65625 0.044921875 0.080078125
0 0.5927734375 0.6552734375 0.04296875 0.083984375
0 0.7685546875 0.75 0.046875 0.083984375
0 0.8056640625 0.728515625 0.0390625 0.0859375
0 0.46484375 0.37109375 0.046875 0.083984375
0 0.48828125 0.26953125 0.052734375 0.087890625
4 0.3037109375 0.4990234375 0.154296875 0.3671875
4 0.5400390625 0.447265625 0.220703125 0.4140625
5 0.40234375 0.8603515625 0.12890625 0.16796875
6 0.2158203125 0.5458984375 0.099609375 0.1796875
3 0.3251953125 0.2529296875 0.06640625 0.166015625
3 0.396484375 0.4619140625 0.06640625 0.177734375
1 0.470703125 0.1923828125 0.052734375 0.076171875
0 0.2998046875 0.7314453125 0.0498046875 0.087890625