0 0.431640625 0.3701171875 0.04296875 0.083984375
0 0.490234375 0.275390625 0.05078125 0.0859375
0 0.72265625 0.109375 0.046875 0.0859375
0 0.7646484375 0.0771484375 0.048828125 0.091796875
0 0.396484375 0.572265625 0.04296875 0.08203125
0 0.3515625 0.572265625 0.03515625 0.0703125
0 0.58984375 0.6572265625 0.044921875 0.080078125
0 0.31640625 0.931640625 0.04296875 0.078125
0 0.3828125 0.947265625 0.041015625 0.072265625
4 0.2734375 0.7392578125 0.20703125 0.310546875
4 0.5400390625 0.4501953125 0.212890625 0.412109375
5 0.2373046875 0.4326171875 0.091796875 0.271484375
5 0.4560546875 0.8798828125 0.146484375 0.12890625
6 0.228515625 0.9248046875 0.103515625 0.150390625
3 0.3623046875 0.4619140625 0.0703125 0.16015625
3 0.287109375 0.380859375 0.08203125 0.146484375
1 0.4716796875 0.193359375 0.052734375 0.078125