0 0.2099609375 0.875 0.04296875 0.076171875
0 0.38671875 0.798828125 0.037109375 0.0703125
0 0.4453125 0.9345703125 0.046875 0.083984375
0 0.24609375 0.7421875 0.04296875 0.072265625
0 0.3701171875 0.4619140625 0.044921875 0.076171875
0 0.3388671875 0.595703125 0.046875 0.080078125
0 0.4287109375 0.5263671875 0.04296875 0.08203125
0 0.37890625 0.384765625 0.044921875 0.083984375
0 0.34765625 0.3193359375 0.048828125 0.083984375
0 0.4970703125 0.2939453125 0.05078125 0.083984375
0 0.564453125 0.6669921875 0.048828125 0.07421875
3 0.3837890625 0.5703125 0.078125 0.140625
4 0.369140625 0.1787109375 0.234375 0.357421875
5 0.4931640625 0.0712890625 0.16015625 0.142578125
1 0.5166015625 0.2119140625 0.05859375 0.087890625
5 0.29296875 0.6953125 0.0625 0.267578125
6 0.3642578125 0.0595703125 0.11328125 0.119140625
4 0.54296875 0.451171875 0.22265625 0.41796875
3 0.482421875 0.2158203125 0.0966796875 0.138671875