0 0.2646484375 0.7255859375 0.048828125 0.0859375
0 0.296875 0.6328125 0.046875 0.083984375
0 0.310546875 0.923828125 0.046875 0.080078125
0 0.48046875 0.9541015625 0.041015625 0.0703125
0 0.3564453125 0.7734375 0.046875 0.080078125
0 0.4013671875 0.5 0.046875 0.0859375
0 0.5029296875 0.3037109375 0.05078125 0.09765625
0 0.5625 0.666015625 0.05078125 0.087890625
0 0.35546875 0.1181640625 0.044921875 0.076171875
0 0.2353515625 0.400390625 0.0390625 0.064453125
5 0.2900390625 0.451171875 0.080078125 0.275390625
5 0.52734375 0.0966796875 0.140625 0.193359375
6 0.4072265625 0.0625 0.11328125 0.125
3 0.3720703125 0.8642578125 0.080078125 0.126953125
4 0.5419921875 0.44921875 0.2265625 0.419921875
4 0.375 0.1923828125 0.234375 0.384765625
3 0.4833984375 0.2294921875 0.07421875 0.158203125
1 0.5224609375 0.212890625 0.05859375 0.09375