5 0.283203125 0.5595703125 0.076171875 0.267578125
5 0.5244140625 0.0908203125 0.14453125 0.181640625
0 0.3486328125 0.109375 0.044921875 0.080078125
0 0.501953125 0.2978515625 0.05078125 0.083984375
0 0.2060546875 0.822265625 0.044921875 0.078125
0 0.3095703125 0.96484375 0.037109375 0.0625
0 0.5888671875 0.6533203125 0.046875 0.083984375
0 0.3203125 0.7421875 0.044921875 0.08203125
0 0.412109375 0.66015625 0.04296875 0.078125
0 0.3505859375 0.6572265625 0.046875 0.07421875
0 0.4091796875 0.5830078125 0.044921875 0.078125
0 0.36328125 0.580078125 0.044921875 0.08203125
1 0.5234375 0.21484375 0.0546875 0.083984375
4 0.54296875 0.4482421875 0.23046875 0.423828125
4 0.3759765625 0.189453125 0.232421875 0.37890625
6 0.404296875 0.0634765625 0.115234375 0.126953125
3 0.3896484375 0.73828125 0.080078125 0.125
3 0.4833984375 0.220703125 0.115234375 0.1337890625