4 0.521484375 0.4384765625 0.216796875 0.4140625
4 0.5869140625 0.7705078125 0.205078125 0.369140625
0 0.38671875 0.6318359375 0.041015625 0.08203125
0 0.296875 0.8486328125 0.037109375 0.064453125
0 0.3994140625 0.7412109375 0.04296875 0.07421875
0 0.2607421875 0.9814453125 0.037109375 0.037109375
0 0.4697265625 0.271484375 0.05078125 0.087890625
0 0.5703125 0.07421875 0.05078125 0.09375
0 0.6884765625 0.0439453125 0.052734375 0.0859375
0 0.69921875 0.3837890625 0.05078125 0.08984375
0 0.818359375 0.314453125 0.046875 0.091796875
3 0.349609375 0.69921875 0.07421875 0.146484375
3 0.37890625 0.951171875 0.08984375 0.09765625
6 0.806640625 0.4599609375 0.115234375 0.193359375
1 0.4697265625 0.1875 0.056640625 0.078125
5 0.67578125 0.8046875 0.08984375 0.24609375
5 0.470703125 0.953125 0.11328125 0.09375