0 0.2744140625 0.3369140625 0.048828125 0.08984375
0 0.328125 0.18359375 0.052734375 0.09375
0 0.3046875 0.044921875 0.048828125 0.08984375
0 0.4482421875 0.09765625 0.046875 0.095703125
0 0.40625 0.23828125 0.05078125 0.0859375
0 0.5400390625 0.8583984375 0.0390625 0.080078125
0 0.6201171875 0.9609375 0.046875 0.078125
0 0.8271484375 0.578125 0.0546875 0.08984375
0 0.5185546875 0.630859375 0.041015625 0.072265625
1 0.458984375 0.1962890625 0.0546875 0.072265625
3 0.501953125 0.9091796875 0.0703125 0.140625
6 0.5380859375 0.080078125 0.115234375 0.16015625
5 0.6884765625 0.6484375 0.078125 0.2578125
5 0.71875 0.9228515625 0.099609375 0.154296875
4 0.46484375 0.4345703125 0.220703125 0.419921875
4 0.5888671875 0.65234375 0.1640625 0.36328125