4 0.3525390625 0.1884765625 0.23046875 0.369140625
4 0.5390625 0.45703125 0.21484375 0.4140625
0 0.3349609375 0.4423828125 0.046875 0.080078125
0 0.3525390625 0.603515625 0.044921875 0.078125
0 0.3896484375 0.7275390625 0.0390625 0.0703125
0 0.34375 0.9716796875 0.041015625 0.056640625
0 0.4658203125 0.859375 0.046875 0.07421875
0 0.57421875 0.6669921875 0.044921875 0.08203125
0 0.28515625 0.3046875 0.052734375 0.087890625
0 0.26171875 0.2236328125 0.0546875 0.080078125
0 0.4853515625 0.291015625 0.046875 0.0859375
0 0.42578125 0.4970703125 0.04296875 0.08203125
5 0.3017578125 0.7626953125 0.072265625 0.26171875
5 0.4765625 0.072265625 0.158203125 0.14453125
3 0.380859375 0.5380859375 0.072265625 0.169921875
1 0.5048828125 0.21484375 0.05859375 0.072265625
3 0.4609375 0.2197265625 0.068359375 0.138671875
6 0.3447265625 0.0576171875 0.10546875 0.115234375