0 0.2275390625 0.35546875 0.046875 0.08203125
0 0.349609375 0.6474609375 0.048828125 0.08203125
0 0.3359375 0.7197265625 0.046875 0.068359375
0 0.3212890625 0.8017578125 0.044921875 0.078125
0 0.2587890625 0.9326171875 0.033203125 0.064453125
0 0.423828125 0.73828125 0.041015625 0.076171875
0 0.3994140625 0.677734375 0.044921875 0.072265625
0 0.5947265625 0.6494140625 0.044921875 0.080078125
0 0.501953125 0.2978515625 0.048828125 0.087890625
0 0.3515625 0.1123046875 0.04296875 0.080078125
6 0.4072265625 0.0625 0.111328125 0.125
1 0.5224609375 0.2099609375 0.0546875 0.0859375
5 0.2900390625 0.5322265625 0.091796875 0.263671875
3 0.3896484375 0.7958984375 0.080078125 0.125
4 0.3720703125 0.2041015625 0.236328125 0.40625
3 0.4833984375 0.2275390625 0.06640625 0.142578125
5 0.5263671875 0.0908203125 0.140625 0.181640625
4 0.541015625 0.4619140625 0.232421875 0.416015625