4 0.375 0.1904296875 0.234375 0.380859375
4 0.54296875 0.4560546875 0.2265625 0.42578125
0 0.2451171875 0.6748046875 0.048828125 0.08203125
0 0.2861328125 0.6328125 0.046875 0.080078125
0 0.3994140625 0.5966796875 0.048828125 0.08203125
0 0.33203125 0.755859375 0.048828125 0.08203125
0 0.3193359375 0.9462890625 0.044921875 0.078125
0 0.48828125 0.978515625 0.04296875 0.04296875
0 0.2919921875 0.2919921875 0.037109375 0.068359375
0 0.5048828125 0.2978515625 0.05078125 0.091796875
0 0.3564453125 0.1181640625 0.044921875 0.0859375
6 0.408203125 0.0654296875 0.115234375 0.130859375
5 0.29296875 0.4619140625 0.083984375 0.26953125
3 0.373046875 0.86328125 0.078125 0.1484375
3 0.4794921875 0.2255859375 0.07421875 0.138671875
5 0.525390625 0.09765625 0.140625 0.1953125
0 0.5654296875 0.66796875 0.05078125 0.076171875
1 0.5234375 0.208984375 0.07421875 0.080078125