0 0.7734375 0.06640625 0.048828125 0.0859375
0 0.802734375 0.1640625 0.048828125 0.072265625
0 0.8193359375 0.2978515625 0.044921875 0.076171875
0 0.8232421875 0.59375 0.033203125 0.060546875
0 0.4970703125 0.583984375 0.029296875 0.05859375
0 0.36328125 0.4990234375 0.03125 0.0625
0 0.3837890625 0.7138671875 0.033203125 0.0625
0 0.4716796875 0.77734375 0.033203125 0.056640625
0 0.48046875 0.8466796875 0.03515625 0.060546875
0 0.51171875 0.8515625 0.0390625 0.064453125
5 0.73828125 0.109375 0.16796875 0.21875
5 0.7763671875 0.4501953125 0.1171875 0.2109375
0 0.83203125 0.412109375 0.037109375 0.076171875
6 0.681640625 0.50390625 0.095703125 0.140625
3 0.6904296875 0.58203125 0.083984375 0.07421875
3 0.662109375 0.140625 0.134765625 0.158203125
4 0.458984375 0.572265625 0.126953125 0.30859375
4 0.56640625 0.4765625 0.158203125 0.251953125
2 0.6787109375 0.421875 0.208984375 0.3359375
2 0.5986328125 0.6650390625 0.15625 0.271484375
2 0.51953125 0.6005859375 0.087890625 0.125