0 0.41796875 0.162109375 0.0390625 0.056640625
0 0.4765625 0.166015625 0.0390625 0.07421875
0 0.7236328125 0.2392578125 0.041015625 0.072265625
0 0.384765625 0.51953125 0.037109375 0.052734375
0 0.373046875 0.56640625 0.037109375 0.046875
0 0.5400390625 0.6845703125 0.03125 0.064453125
0 0.7783203125 0.64453125 0.04296875 0.06640625
0 0.7568359375 0.7138671875 0.044921875 0.06640625
0 0.4990234375 0.8515625 0.037109375 0.056640625
0 0.53125 0.8583984375 0.03125 0.064453125
0 0.5390625 0.8076171875 0.033203125 0.05078125
6 0.48046875 0.306640625 0.09375 0.140625
2 0.466796875 0.3525390625 0.17578125 0.365234375
2 0.630859375 0.4443359375 0.1015625 0.11328125
2 0.6455078125 0.2685546875 0.189453125 0.3125
3 0.52734375 0.119140625 0.072265625 0.134765625
5 0.4326171875 0.0908203125 0.126953125 0.181640625
3 0.6240234375 0.71484375 0.1015625 0.1640625
5 0.572265625 0.68359375 0.12109375 0.1171875
4 0.546875 0.751953125 0.16796875 0.205078125
4 0.580078125 0.5166015625 0.109375 0.234375
1 0.4384765625 0.0322265625 0.0703125 0.064453125