0 0.369140625 0.5546875 0.03125 0.0546875
0 0.396484375 0.7431640625 0.03125 0.0546875
0 0.4892578125 0.7841796875 0.03125 0.052734375
0 0.482421875 0.8544921875 0.03125 0.05859375
0 0.5166015625 0.853515625 0.033203125 0.0546875
0 0.501953125 0.6318359375 0.029296875 0.060546875
0 0.6884765625 0.0673828125 0.05078125 0.078125
0 0.7119140625 0.1474609375 0.046875 0.072265625
2 0.6611328125 0.3984375 0.201171875 0.296875
2 0.521484375 0.642578125 0.078125 0.115234375
2 0.630859375 0.693359375 0.14453125 0.2734375
4 0.451171875 0.57421875 0.115234375 0.30078125
4 0.5654296875 0.49609375 0.16015625 0.228515625
3 0.5869140625 0.2080078125 0.12890625 0.1484375
5 0.734375 0.302734375 0.111328125 0.11328125
1 0.7392578125 0.3818359375 0.056640625 0.072265625
5 0.6494140625 0.1279296875 0.142578125 0.255859375
6 0.6748046875 0.501953125 0.080078125 0.130859375
3 0.69140625 0.58203125 0.068359375 0.064453125
0 0.853515625 0.1455078125 0.044921875 0.1005859375