0 0.470703125 0.0322265625 0.04296875 0.064453125
0 0.53515625 0.1201171875 0.037109375 0.083984375
0 0.71875 0.0380859375 0.05859375 0.076171875
0 0.7822265625 0.1962890625 0.052734375 0.07421875
0 0.482421875 0.6396484375 0.037109375 0.056640625
0 0.5615234375 0.85546875 0.03125 0.06640625
0 0.5947265625 0.8583984375 0.046875 0.056640625
0 0.697265625 0.5751953125 0.03515625 0.05859375
0 0.66796875 0.5654296875 0.03515625 0.060546875
0 0.6318359375 0.359375 0.041015625 0.052734375
0 0.8369140625 0.3994140625 0.044921875 0.05078125
2 0.54296875 0.064453125 0.078125 0.12890625
2 0.4658203125 0.375 0.169921875 0.291015625
2 0.6123046875 0.5146484375 0.154296875 0.3671875
1 0.38671875 0.357421875 0.052734375 0.048828125
6 0.60546875 0.595703125 0.08203125 0.138671875
5 0.712890625 0.5556640625 0.0859375 0.203125
5 0.7978515625 0.19140625 0.16015625 0.16796875
3 0.8408203125 0.2373046875 0.072265625 0.25
3 0.69921875 0.6123046875 0.0859375 0.068359375
4 0.736328125 0.3203125 0.2109375 0.228515625
4 0.6103515625 0.177734375 0.16015625 0.328125