2 0.427734375 0.083984375 0.09375 0.16796875
2 0.7861328125 0.2705078125 0.166015625 0.37890625
2 0.66015625 0.3408203125 0.193359375 0.314453125
0 0.359375 0.33984375 0.04296875 0.064453125
0 0.3681640625 0.0380859375 0.044921875 0.0703125
0 0.619140625 0.4384765625 0.037109375 0.064453125
0 0.6572265625 0.4775390625 0.0390625 0.05859375
0 0.654296875 0.5302734375 0.0390625 0.05859375
0 0.5556640625 0.5791015625 0.0390625 0.060546875
0 0.5234375 0.525390625 0.037109375 0.06640625
0 0.806640625 0.0263671875 0.046875 0.052734375
0 0.51953125 0.724609375 0.03125 0.056640625
0 0.58203125 0.8564453125 0.03515625 0.072265625
0 0.6484375 0.861328125 0.037109375 0.0625
5 0.6083984375 0.646484375 0.072265625 0.197265625
5 0.5029296875 0.5947265625 0.095703125 0.189453125
3 0.533203125 0.6240234375 0.103515625 0.181640625
4 0.416015625 0.365234375 0.142578125 0.28515625
4 0.4375 0.544921875 0.1640625 0.2890625
6 0.6669921875 0.3466796875 0.091796875 0.146484375
1 0.7705078125 0.4248046875 0.05078125 0.080078125
3 0.65234375 0.4853515625 0.0634765625 0.1083984375