0 0.3642578125 0.0400390625 0.048828125 0.078125
1 0.6796875 0.3369140625 0.052734375 0.06640625
0 0.8291015625 0.408203125 0.048828125 0.068359375
0 0.6328125 0.521484375 0.041015625 0.052734375
0 0.6962890625 0.498046875 0.03515625 0.056640625
0 0.3681640625 0.4716796875 0.044921875 0.05078125
0 0.564453125 0.6181640625 0.041015625 0.068359375
0 0.630859375 0.6943359375 0.037109375 0.060546875
0 0.61328125 0.8212890625 0.03515625 0.046875
0 0.59375 0.859375 0.0390625 0.064453125
0 0.6806640625 0.8671875 0.041015625 0.0625
2 0.412109375 0.0732421875 0.09765625 0.146484375
2 0.56640625 0.2626953125 0.212890625 0.263671875
2 0.6025390625 0.46484375 0.19140625 0.21484375
4 0.4521484375 0.60546875 0.177734375 0.255859375
4 0.42578125 0.447265625 0.111328125 0.275390625
5 0.548828125 0.6728515625 0.080078125 0.20703125
3 0.6103515625 0.7255859375 0.125 0.1484375
6 0.6064453125 0.439453125 0.083984375 0.138671875
3 0.6962890625 0.494140625 0.076171875 0.12109375