0 0.7734375 0.7568359375 0.0390625 0.0703125
0 0.583984375 0.853515625 0.03515625 0.05859375
0 0.6162109375 0.8603515625 0.03515625 0.05859375
1 0.591796875 0.77734375 0.0390625 0.060546875
0 0.4423828125 0.583984375 0.03515625 0.044921875
0 0.5390625 0.49609375 0.0390625 0.068359375
0 0.3486328125 0.0927734375 0.041015625 0.06640625
0 0.4150390625 0.037109375 0.046875 0.07421875
0 0.5146484375 0.3515625 0.044921875 0.060546875
0 0.5419921875 0.4052734375 0.041015625 0.05078125
0 0.5615234375 0.451171875 0.037109375 0.0546875
0 0.5908203125 0.4111328125 0.033203125 0.06640625
2 0.6640625 0.7119140625 0.162109375 0.2734375
2 0.6396484375 0.4814453125 0.166015625 0.24609375
6 0.619140625 0.5048828125 0.080078125 0.12890625
4 0.4169921875 0.4287109375 0.146484375 0.30078125
4 0.4033203125 0.1826171875 0.162109375 0.279296875
2 0.4658203125 0.0732421875 0.09765625 0.146484375
5 0.544921875 0.5126953125 0.09765625 0.166015625
5 0.4951171875 0.380859375 0.09375 0.1640625
3 0.5595703125 0.3701171875 0.02734375 0.04296875