0 0.8310546875 0.404296875 0.044921875 0.068359375
0 0.630859375 0.6923828125 0.03515625 0.0625
0 0.6962890625 0.4970703125 0.03515625 0.05859375
0 0.630859375 0.521484375 0.033203125 0.052734375
0 0.5625 0.6171875 0.029296875 0.052734375
0 0.6123046875 0.82421875 0.025390625 0.048828125
0 0.59375 0.8564453125 0.03125 0.056640625
0 0.6796875 0.8681640625 0.044921875 0.0703125
0 0.3681640625 0.47265625 0.03515625 0.060546875
0 0.560546875 0.037109375 0.044921875 0.07421875
0 0.3671875 0.037109375 0.044921875 0.07421875
2 0.427734375 0.076171875 0.06640625 0.15234375
2 0.56640625 0.224609375 0.197265625 0.298828125
2 0.611328125 0.4189453125 0.142578125 0.314453125
1 0.6796875 0.33984375 0.05078125 0.05859375
4 0.42578125 0.4521484375 0.109375 0.265625
4 0.451171875 0.62109375 0.201171875 0.232421875
3 0.603515625 0.740234375 0.1328125 0.146484375
5 0.5498046875 0.6865234375 0.080078125 0.208984375
6 0.6103515625 0.4345703125 0.091796875 0.126953125
5 0.560546875 0.0947265625 0.12109375 0.189453125
3 0.697265625 0.490234375 0.060546875 0.1064453125