0 0.603515625 0.7900390625 0.04296875 0.05859375
0 0.5751953125 0.8544921875 0.03125 0.0625
0 0.607421875 0.8603515625 0.03515625 0.060546875
0 0.4072265625 0.0576171875 0.037109375 0.0703125
0 0.4052734375 0.1298828125 0.03125 0.0703125
0 0.71484375 0.16015625 0.03515625 0.0703125
0 0.7587890625 0.216796875 0.05078125 0.072265625
0 0.5126953125 0.4609375 0.029296875 0.05078125
0 0.71484375 0.384765625 0.03515625 0.0546875
0 0.7041015625 0.3310546875 0.037109375 0.060546875
6 0.6591796875 0.5693359375 0.080078125 0.13671875
1 0.41796875 0.578125 0.03515625 0.05859375
2 0.5 0.60546875 0.228515625 0.24609375
2 0.638671875 0.5126953125 0.228515625 0.30078125
2 0.5234375 0.044921875 0.12109375 0.08984375
4 0.4775390625 0.1328125 0.205078125 0.2578125
4 0.5869140625 0.2763671875 0.228515625 0.240234375
5 0.7021484375 0.3330078125 0.146484375 0.123046875
5 0.6162109375 0.08203125 0.052734375 0.126953125