0 0.3828125 0.0419921875 0.046875 0.072265625
0 0.37109375 0.2626953125 0.0390625 0.068359375
0 0.841796875 0.2041015625 0.044921875 0.08203125
0 0.5986328125 0.484375 0.03125 0.060546875
0 0.5673828125 0.5224609375 0.033203125 0.05859375
0 0.533203125 0.4765625 0.03515625 0.064453125
0 0.609375 0.53125 0.033203125 0.0546875
0 0.609375 0.5810546875 0.037109375 0.064453125
0 0.486328125 0.701171875 0.02734375 0.044921875
0 0.5849609375 0.857421875 0.033203125 0.060546875
0 0.619140625 0.861328125 0.033203125 0.05859375
2 0.427734375 0.0810546875 0.109375 0.162109375
4 0.4228515625 0.3037109375 0.1640625 0.279296875
4 0.4326171875 0.5078125 0.173828125 0.275390625
5 0.51171875 0.525390625 0.09765625 0.201171875
3 0.53515625 0.5673828125 0.09765625 0.19921875
5 0.560546875 0.6494140625 0.068359375 0.185546875
6 0.650390625 0.451171875 0.076171875 0.142578125
1 0.76953125 0.69140625 0.044921875 0.0703125
2 0.6337890625 0.447265625 0.13671875 0.298828125
2 0.7763671875 0.474609375 0.162109375 0.384765625