2 0.4609375 0.06640625 0.09375 0.1328125
2 0.642578125 0.478515625 0.177734375 0.291015625
2 0.6962890625 0.70703125 0.16796875 0.298828125
0 0.5830078125 0.859375 0.0390625 0.07421875
0 0.6162109375 0.86328125 0.037109375 0.056640625
0 0.34765625 0.12109375 0.037109375 0.076171875
0 0.4091796875 0.041015625 0.041015625 0.08203125
0 0.5126953125 0.37109375 0.03515625 0.064453125
0 0.443359375 0.607421875 0.033203125 0.048828125
0 0.5361328125 0.435546875 0.03515625 0.0703125
0 0.5390625 0.5126953125 0.03515625 0.060546875
0 0.583984375 0.431640625 0.041015625 0.0625
0 0.5595703125 0.4658203125 0.03125 0.046875
3 0.525390625 0.4775390625 0.095703125 0.1953125
5 0.541015625 0.53515625 0.09375 0.17578125
5 0.49609375 0.4111328125 0.1015625 0.158203125
4 0.4150390625 0.4306640625 0.158203125 0.287109375
4 0.4072265625 0.19140625 0.173828125 0.263671875
1 0.626953125 0.783203125 0.044921875 0.041015625
0 0.7939453125 0.7158203125 0.044921875 0.06640625
6 0.623046875 0.5068359375 0.080078125 0.138671875