0 0.3623046875 0.0751953125 0.037109375 0.078125
0 0.4111328125 0.0380859375 0.044921875 0.076171875
0 0.501953125 0.2880859375 0.037109375 0.068359375
0 0.5546875 0.43359375 0.03515625 0.06640625
0 0.546875 0.326171875 0.033203125 0.068359375
0 0.5791015625 0.390625 0.029296875 0.05078125
0 0.609375 0.3837890625 0.037109375 0.068359375
0 0.4443359375 0.580078125 0.02734375 0.048828125
0 0.5830078125 0.8564453125 0.037109375 0.0703125
0 0.6142578125 0.8583984375 0.041015625 0.056640625
0 0.73828125 0.7939453125 0.037109375 0.064453125
1 0.54296875 0.7529296875 0.0390625 0.048828125
6 0.6923828125 0.310546875 0.08984375 0.1484375
2 0.470703125 0.0791015625 0.08984375 0.158203125
2 0.63671875 0.494140625 0.18359375 0.27734375
2 0.611328125 0.7138671875 0.154296875 0.263671875
4 0.4140625 0.4208984375 0.146484375 0.30078125
4 0.4013671875 0.181640625 0.169921875 0.294921875
5 0.498046875 0.349609375 0.095703125 0.212890625
5 0.5498046875 0.4765625 0.080078125 0.193359375
3 0.5517578125 0.3798828125 0.07421875 0.2109375