4 0.708984375 0.6552734375 0.193359375 0.2890625
3 0.80078125 0.62890625 0.05859375 0.216796875
0 0.6728515625 0.0654296875 0.04296875 0.08984375
0 0.8203125 0.0615234375 0.052734375 0.083984375
0 0.578125 0.2548828125 0.046875 0.068359375
0 0.4384765625 0.541015625 0.04296875 0.052734375
0 0.4326171875 0.5869140625 0.033203125 0.05078125
0 0.5390625 0.6982421875 0.037109375 0.056640625
0 0.5234375 0.7890625 0.03125 0.048828125
0 0.541015625 0.853515625 0.041015625 0.056640625
0 0.5732421875 0.857421875 0.037109375 0.060546875
0 0.6728515625 0.7509765625 0.03125 0.0625
5 0.427734375 0.5859375 0.080078125 0.189453125
5 0.75 0.615234375 0.1171875 0.1328125
6 0.5087890625 0.509765625 0.080078125 0.12109375
3 0.431640625 0.482421875 0.0546875 0.10546875
2 0.513671875 0.5458984375 0.166015625 0.306640625
2 0.7236328125 0.3798828125 0.0859375 0.15234375
2 0.6044921875 0.34375 0.171875 0.419921875
1 0.4111328125 0.052734375 0.052734375 0.076171875
4 0.7568359375 0.4775390625 0.181640625 0.212890625
0 0.7392578125 0.5927734375 0.044921875 0.060546875