0 0.3671875 0.037109375 0.0390625 0.07421875
2 0.4208984375 0.0810546875 0.087890625 0.162109375
2 0.6455078125 0.345703125 0.1796875 0.302734375
2 0.7529296875 0.251953125 0.158203125 0.33203125
0 0.3623046875 0.373046875 0.0390625 0.05859375
0 0.537109375 0.5546875 0.033203125 0.060546875
0 0.576171875 0.6171875 0.033203125 0.056640625
0 0.6640625 0.5517578125 0.03515625 0.060546875
0 0.5537109375 0.7490234375 0.02734375 0.048828125
0 0.5927734375 0.8583984375 0.037109375 0.05859375
0 0.66796875 0.8681640625 0.0390625 0.052734375
0 0.673828125 0.4814453125 0.033203125 0.056640625
0 0.62890625 0.4453125 0.03515625 0.05859375
0 0.7998046875 0.025390625 0.044921875 0.05078125
1 0.759765625 0.3818359375 0.04296875 0.08203125
6 0.658203125 0.3505859375 0.087890625 0.150390625
5 0.5146484375 0.6162109375 0.1015625 0.19921875
5 0.662109375 0.6884765625 0.083984375 0.181640625
3 0.5576171875 0.662109375 0.099609375 0.154296875
4 0.4501953125 0.5576171875 0.169921875 0.291015625
4 0.423828125 0.38671875 0.142578125 0.29296875
3 0.6728515625 0.4853515625 0.056640625 0.09375