1 0.5966796875 0.056640625 0.048828125 0.10546875
5 0.5712890625 0.0849609375 0.1328125 0.169921875
0 0.640625 0.0966796875 0.0390625 0.072265625
0 0.55078125 0.31640625 0.0390625 0.0625
0 0.5341796875 0.4033203125 0.03515625 0.0703125
0 0.5 0.779296875 0.033203125 0.056640625
0 0.41796875 0.7861328125 0.029296875 0.052734375
0 0.48828125 0.8505859375 0.03515625 0.0546875
0 0.521484375 0.853515625 0.0390625 0.052734375
0 0.5322265625 0.8076171875 0.037109375 0.05078125
0 0.611328125 0.705078125 0.03125 0.05859375
4 0.48828125 0.62109375 0.18359375 0.265625
4 0.6826171875 0.5390625 0.1796875 0.267578125
2 0.609375 0.6396484375 0.08203125 0.126953125
2 0.7177734375 0.712890625 0.140625 0.263671875
2 0.7119140625 0.33984375 0.19140625 0.259765625
0 0.84765625 0.021484375 0.05078125 0.04296875
6 0.8232421875 0.271484375 0.099609375 0.16015625
3 0.6162109375 0.3974609375 0.09375 0.158203125
5 0.583984375 0.3935546875 0.15625 0.16796875
4 0.8193359375 0.3896484375 0.072265625 0.109375