0 0.60546875 0.0859375 0.05078125 0.080078125
0 0.3642578125 0.0380859375 0.048828125 0.076171875
0 0.3681640625 0.4609375 0.03515625 0.064453125
0 0.6201171875 0.5458984375 0.0390625 0.05859375
0 0.6826171875 0.51953125 0.037109375 0.05859375
0 0.55859375 0.6171875 0.037109375 0.060546875
0 0.62890625 0.6943359375 0.03515625 0.0546875
0 0.6787109375 0.869140625 0.033203125 0.0703125
0 0.6123046875 0.8232421875 0.03125 0.05078125
0 0.591796875 0.8603515625 0.037109375 0.068359375
0 0.8212890625 0.4521484375 0.046875 0.060546875
1 0.6591796875 0.35546875 0.046875 0.064453125
6 0.5986328125 0.44140625 0.087890625 0.138671875
4 0.4501953125 0.6005859375 0.171875 0.255859375
4 0.421875 0.43359375 0.12109375 0.26171875
2 0.4208984375 0.0625 0.0859375 0.125
2 0.5791015625 0.228515625 0.24609375 0.265625
2 0.5947265625 0.4462890625 0.17578125 0.21484375
3 0.60546875 0.7314453125 0.115234375 0.166015625
5 0.552734375 0.673828125 0.09765625 0.208984375
3 0.6865234375 0.521484375 0.064453125 0.1328125
5 0.74609375 0.1484375 0.05859375 0.19921875