0 0.3681640625 0.0361328125 0.037109375 0.072265625
0 0.5595703125 0.033203125 0.037109375 0.064453125
0 0.8291015625 0.4052734375 0.048828125 0.068359375
0 0.6962890625 0.4970703125 0.033203125 0.056640625
0 0.62890625 0.6923828125 0.037109375 0.0625
0 0.5634765625 0.6181640625 0.03125 0.056640625
0 0.3681640625 0.46875 0.03125 0.0546875
0 0.5927734375 0.857421875 0.03515625 0.05859375
0 0.611328125 0.822265625 0.02734375 0.048828125
0 0.677734375 0.8662109375 0.041015625 0.056640625
0 0.6328125 0.521484375 0.033203125 0.056640625
5 0.546875 0.6728515625 0.115234375 0.205078125
5 0.5634765625 0.1005859375 0.109375 0.201171875
2 0.423828125 0.080078125 0.076171875 0.16015625
2 0.556640625 0.2607421875 0.208984375 0.36328125
2 0.6064453125 0.4072265625 0.16796875 0.306640625
3 0.689453125 0.484375 0.06640625 0.10546875
3 0.6064453125 0.736328125 0.12109375 0.138671875
4 0.4228515625 0.4541015625 0.115234375 0.275390625
4 0.45703125 0.60546875 0.189453125 0.267578125
1 0.6796875 0.3427734375 0.048828125 0.0703125
6 0.609375 0.44140625 0.0849609375 0.142578125